0.00576172 0.00126953 -11.9502
0.00595703 0.000878906 -3.58856
0.00595703 0.00107422 -8.30618
0.00615234 0.000878906 -3.58089
0.00615234 0.00107422 -8.33523
0.00595703 0.00126953 -11.9228
0.00615234 0.00126953 -11.9673
0.00634766 0.000683594 -4.22517
0.00654297 0.000683594 -4.24833
0.00673828 0.000683594 -4.24289
0.00693359 0.000683594 -4.24821
0.00634766 0.000878906 -3.57343
0.00634766 0.00107422 -8.33939
0.00654297 0.000878906 -3.57932
0.00654297 0.00107422 -8.34324
0.00634766 0.00126953 -11.9837
0.00654297 0.00126953 -11.99
0.00673828 0.000878906 -3.57872
0.00673828 0.00107422 -8.33619
0.00693359 0.000878906 -3.57904
0.00693359 0.00107422 -8.34352
0.00673828 0.00126953 -11.9864
0.00693359 0.00126953 -11.99
0.00712891 0.000683594 -4.22574
0.00732422 0.000683594 -4.24861
0.00751953 0.000683594 -4.24424
0.00771484 0.000683594 -4.25009
0.00712891 0.000878906 -3.57256
0.00712891 0.00107422 -8.34099
0.00732422 0.000878906 -3.57904
0.00732422 0.00107422 -8.34312
0.00712891 0.00126953 -11.9869
0.00732422 0.00126953 -11.9915
0.00751953 0.000878906 -3.57847
0.00751953 0.00107422 -8.33898
0.00771484 0.000878906 -3.57806
0.00771484 0.00107422 -8.34813
0.00751953 0.00126953 -11.9927
0.00771484 0.00126953 -12.0013
0.00791016 0.000683594 -4.2285
0.00810547 0.000683594 -4.25181
0.00830078 0.000683594 -4.24789
0.00849609 0.000683594 -4.25399
0.00791016 0.000878906 -3.57152
0.00791016 0.00107422 -8.34658
0.00810547 0.000878906 -3.57729
0.00810547 0.00107422 -8.35027
0.00791016 0.00126953 -12.0007
0.00810547 0.00126953 -12.0089
0.00830078 0.000878906 -3.5765
0.00830078 0.00107422 -8.34676
0.00849609 0.000878906 -3.57611
0.00849609 0.00107422 -8.35621
0.00830078 0.00126953 -12.0117
0.00849609 0.00126953 -12.0203
0.00869141 0.000683594 -4.23257
0.00888672 0.000683594 -4.25511
0.00908203 0.000683594 -4.24998
0.00927734 0.000683594 -4.25362
0.00869141 0.000878906 -3.56876
0.00869141 0.00107422 -8.3549
0.00888672 0.000878906 -3.57498
0.00888672 0.00107422 -8.35784
0.00869141 0.00126953 -12.0195
0.00888672 0.00126953 -12.024
0.00908203 0.000878906 -3.57437
0.00908203 0.00107422 -8.35208
0.00927734 0.000878906 -3.57784
0.00927734 0.00107422 -8.35722
0.00908203 0.00126953 -12.0196
0.00927734 0.00126953 -12.0153
0.00947266 0.000683594 -4.22757
0.00966797 0.000683594 -4.23987
0.00986328 0.000683594 -4.21993
0.0100586 0.000683594 -4.18047
0.00947266 0.000878906 -3.5802
0.00947266 0.00107422 -8.34621
0.00966797 0.000878906 -3.6041
0.00966797 0.00107422 -8.33266
0.00947266 0.00126953 -11.9916
0.00966797 0.00126953 -11.9705
0.00986328 0.000878906 -3.63098
0.00986328 0.00107422 -8.30047
0.0100586 0.000878906 -3.64077
0.0100586 0.00107422 -8.26255
0.00986328 0.00126953 -11.9534
0.0100586 0.00126953 -11.9772
0.0102539 0.000683594 -4.10575
0.0104492 0.000683594 -4.00794
.00615234 -2.58804
0.0202148 0.00595703 -3.64536
0.0202148 0.00615234 -4.35699
0.0204102 0.00322266 -6.69749
0.0204102 0.00341797 -9.34397
0.0206055 0.00322266 -10.0914
0.0206055 0.00341797 -13.203
0.0204102 0.00361328 -11.1877
0.0204102 0.00380859 -3.97868
0.0206055 0.00361328 -15.9258
0.0206055 0.00380859 -3.78499
0.0208008 0.00322266 -6.70282
0.0208008 0.00341797 -12.1242
0.0209961 0.00322266 -5.86825
0.0209961 0.00341797 -12.7207
0.0208008 0.00361328 -15.5991
0.0208008 0.00380859 -5.24971
0.0209961 0.00361328 -15.8227
0.0209961 0.00380859 -5.51161
0.0204102 0.00400391 -2.90265
0.0204102 0.00419922 -2.88582
0.0206055 0.00400391 -3.45658
0.0206055 0.00419922 -4.1436
0.0204102 0.00439453 -2.89917
0.0204102 0.00458984 -2.7063
0.0206055 0.00439453 -4.53466
0.0206055 0.00458984 -5.5834
0.0208008 0.00400391 -4.95487
0.0208008 0.00419922 -6.09702
0.0209961 0.00400391 -7.61205
0.0209961 0.00419922 -9.11433
0.0208008 0.00439453 -6.62161
0.0208008 0.00458984 -7.17043
0.0209961 0.00439453 -9.79559
0.0209961 0.00458984 -10.4144
0.0211914 0.00322266 -8.17045
0.0211914 0.00341797 -13.4139
0.0213867 0.00322266 -9.15953
0.0213867 0.00341797 -13.89
0.0211914 0.00361328 -15.7044
0.0211914 0.00380859 -8.35144
0.0213867 0.00361328 -15.3796
0.021582 0.00322266 -9.40088
0.021582 0.00341797 -13.9897
0.0217773 0.00322266 -9.36001
0.0217773 0.00341797 -13.9066
0.021582 0.00361328 -14.6926
0.0217773 0.00361328 -13.6515
0.0205078 0.00488281 -4.66851
0.0204102 0.00517578 -4.22086
0.0204102 0.00537109 -4.00356
0.0206055 0.00517578 -5.30556
0.0206055 0.00537109 -6.49473
0.0208008 0.00478516 -7.24381
0.0208008 0.00498047 -7.30149
0.0209961 0.00478516 -11.0257
0.0205078 0.00566406 -5.59222
0.0219727 0.00283203 -5.36701
0.0219727 0.00302734 -3.8863
0.022168 0.00283203 -5.24094
0.022168 0.00302734 -3.9877
0.0223633 0.00283203 -5.14512
0.0223633 0.00302734 -3.98874
0.0225586 0.00283203 -5.05076
0.0225586 0.00302734 -3.94428
0.0227539 0.00283203 -4.92472
0.0227539 0.00302734 -3.98245
0.0229492 0.00283203 -4.72277
0.0229492 0.00302734 -3.92169
0.0231445 0.00283203 -4.43336
0.0231445 0.00302734 -3.96735
0.0233398 0.00283203 -4.06863
0.0233398 0.00302734 -4.00077
0.0235352 0.00283203 -3.73239
0.0235352 0.00302734 -4.17569
0.0237305 0.00283203 -3.4416
0.0237305 0.00302734 -4.22629
0.0239258 0.00283203 -3.33249
0.0239258 0.00302734 -4.1332
0.0241211 0.00283203 -3.25864
0.0241211 0.00302734 -3.82612
0.0243164 0.00283203 -3.36143
0.0243164 0.00302734 -3.44965
0.0245117 0.00302734 -3.52655
0.0219727 0.00322266 -9.19259
0.0219727 0.00341797 -13.8218
0.022168 0.00322266 -9.21539
0.022168 0.00341797 -13.5022
0.0219727 0.00361328 -14.3223
0.022168 0.00361328 -13.5998
0.0223633 0.00322266 -9.09888
0.0223633 0.00341797 -13.1779
0.0225586 0.00322266 -8.96333
0.0225586 0.00341797 -12.8627
0.0223633 0.00361328 -11.9777
0.0225586 0.00361328 -9.43434
0.0227539 0.00322266 -8.83746
0.0227539 0.00341797 -12.4159
0.0229492 0.00322266 -8.66742
0.0229492 0.00341797 -12.0896
0.0231445 0.00322266 -8.57846
0.0231445 0.00341797 -11.8007
0.0233398 0.00322266 -8.52918
0.0233398 0.00341797 -11.7739
