t dt mgp.i mgp.nrelax mgpf.i mgpf.nrelax mgu.i mgu.nrelax grid->tn perf.t perf.speed npe perf.ispeed
0 1.10973e-06 0 0 0 0 0 0 16384 0 0 8 0
1.10973e-06 1.10973e-06 0 0 0 0 0 0 4831 2.93131 1648.07 8 1648.07
2.25356e-06 1.14383e-06 0 0 0 0 0 0 2095 3.23249 2142.62 8 6956
3.47119e-06 1.21763e-06 0 0 0 0 0 0 1489 3.55285 2368.52 8 4647.9
4.7308e-06 1.25961e-06 0 0 0 0 0 0 1501 3.74199 2649.93 8 7935.88
6.03707e-06 1.30627e-06 0 0 0 0 0 0 1513 3.98523 2867.84 8 6220.32
7.39559e-06 1.35852e-06 0 0 0 0 0 0 1525 4.21141 3075.93 8 6742.27
8.81317e-06 1.41758e-06 0 0 0 0 0 0 1546 4.44013 3265.67 8 6759.3
1.02983e-05 1.48509e-06 0 0 0 0 0 0 1564 4.56122 3521.86 8 12915.9
1.18615e-05 1.56325e-06 0 0 0 0 0 0 1570 4.71103 3743.13 8 10479.9
1.34248e-05 1.56325e-06 0 0 0 0 0 0 1486 4.98097 3838.61 8 5505.09
2.03241e-05 1.78872e-06 0 0 0 0 0 0 1339 6.22032 3945.45 8 3406.7
2.80752e-05 1.98746e-06 0 0 0 0 0 0 1354 7.44093 4022.08 8 5144.06
3.60251e-05 1.98746e-06 0 0 0 0 0 0 1420 8.57442 4141.97 8 5021.59
4.25e-05 2.5e-06 0 0 0 0 0 0 1441 10.1797 3911.4 8 1491.81
5.61905e-05 2.97619e-06 0 0 0 0 0 0 1513 11.6147 4074.05 8 2957.12
6.80952e-05 2.97619e-06 0 0 0 0 0 0 1783 12.6322 4309.76 8 10264.9
8e-05 2.97619e-06 0 0 0 0 0 0 1789 13.783 4467.81 8 8101.88
8.36364e-05 3.63636e-06 0 0 0 0 0 0 1804 14.9547 4238.39 8 1539.68
9.45455e-05 3.63636e-06 0 0 0 0 0 0 1816 15.9818 4306.14 8 4133.37
0.000109091 3.63636e-06 0 0 0 0 0 0 1837 17.0002 4478.12 8 7511.82
0.000124 4e-06 0 0 0 0 0 0 1846 19.1232 4367.1 8 1310.6
0.000144 4e-06 0 0 0 0 0 0 1876 20.3651 4559.18 8 7183.89
0.00016 4e-06 0 0 0 0 0 0 1915 21.7601 4618.22 8 3351.12
0.000168889 4.44444e-06 0 0 0 0 0 0 1831 23.1816 4497.66 8 3799.37
0.000182222 4.44444e-06 0 0 0 0 0 0 1861 24.4188 4497.19 8 5372.68
0.000195556 4.44444e-06 0 0 0 0 0 0 1897 25.7198 4489.22 8 4008.92
0.000204444 4.44444e-06 0 0 0 0 0 0 1936 27.3747 4358.4 8 1443.42
0.000217778 4.44444e-06 0 0 0 0 0 0 2056 28.58 4388.95 8 4636.18
0.000231111 4.44444e-06 0 0 0 0 0 0 2071 29.6342 4441.76 8 6481.05
0.000244444 4.44444e-06 0 0 0 0 0 0 2281 31.3964 4405.73 8 1960.74
0.000256296 3.95062e-06 0 0 0 0 0 0 2338 32.5983 4456.89 8 5950.17
0.000267358 3.16049e-06 0 0 0 0 0 0 2347 33.7488 4513.58 8 4666.4
0.00027684 3.16049e-06 0 0 0 0 0 0 2344 34.8898 4567.53 8 7814.01
0.000283333 3.33333e-06 0 0 0 0 0 0 2344 36.4091 4505.69 8 2180.52
0.00029 3.33333e-06 0 0 0 0 0 0 2347 37.4911 4500.78 8 3942.09
0.000299583 2.91667e-06 0 0 0 0 0 0 2368 38.6648 4547.26 8 7583.4
0.00031125 2.91667e-06 0 0 0 0 0 0 2401 39.9098 4645.61 8 9755.17
0.000323077 3.07692e-06 0 0 0 0 0 0 2458 41.7619 4672.35 8 2335.18
0.000332308 3.07692e-06 0 0 0 0 0 0 2488 42.9713 4713.98 8 5771.98
0.000341154 2.69231e-06 0 0 0 0 0 0 2323 44.2256 4744.24 8 6076.22
0.000351923 2.69231e-06 0 0 0 0 0 0 2323 45.6286 4801.29 8 4166.8
0.00036 2.69231e-06 0 0 0 0 0 0 2323 46.8435 4825.48 8 3813.57
0.000362857 2.85714e-06 0 0 0 0 0 0 2332 48.4451 4714.08 8 1456.04
0.00037119 2.61905e-06 0 0 0 0 0 0 2188 49.5347 4744.71 8 5172.66
0.000379048 2.61905e-06 0 0 0 0 0 0 2221 50.6292 4772.68 8 5280.75
0.000389524 2.61905e-06 0 0 0 0 0 0 2299 51.9114 4830.15 8 7340.26
0.000397381 2.61905e-06 0 0 0 0 0 0 2302 52.9637 4864.81 8 5890.01
0.000402667 2.66667e-06 0 0 0 0 0 0 2299 54.5659 4806.17 8 1856.26
0.000410667 2.66667e-06 0 0 0 0 0 0 2329 55.5931 4841.8 8 9344.89
0.000418667 2.66667e-06 0 0 0 0 0 0 2419 56.8843 4857.52 8 4883.15
0.000426667 2.66667e-06 0 0 0 0 0 0 2434 58.0894 4882.46 8 5105.26
0.000433333 2.22222e-06 0 0 0 0 0 0 2437 59.5784 4882.9 8 4001.44
0.00044 2.22222e-06 0 0 0 0 0 0 2485 60.6264 4921.01 8 9531.52
0.0004425 2.5e-06 0 0 0 0 0 0 2488 61.7727 4869.97 8 2170.35
0.00045 2.5e-06 0 0 0 0 0 0 2506 62.9214 4900.49 8 5280.2
0.000457083 2.29167e-06 0 0 0 0 0 0 2539 64.0402 4933.36 8 8782.98
0.000463958 2.29167e-06 0 0 0 0 0 0 2560 65.1169 4969.26 8 6738.51
0.000468542 2.29167e-06 0 0 0 0 0 0 2575 66.1937 4966.13 8 4203.87
0.000475417 2.29167e-06 0 0 0 0 0 0 2596 67.2893 5000.66 8 7452.68
0.000482222 2.22222e-06 0 0 0 0 0 0 2611 69.2607 4971.38 8 2123.93
0.000491111 2.22222e-06 0 0 0 0 0 0 2626 70.3198 5045.32 8 11869.2
0.0005 2.22222e-06 0 0 0 0 0 0 2677 71.3981 5118 8 11514.9
0.000508148 1.97531e-06 0 0 0 0 0 0 2674 72.4834 5188.52 8 8228.91
0.000516049 1.97531e-06 0 0 0 0 0 0 2758 73.5109 5264.15 8 12235.9
0.000522 2e-06 0 0 0 0 0 0 2776 75.0736 5265.23 8 2551.66
0.000532 2e-06 0 0 0 0 0 0 2863 76.3041 5365.02 8 9660.78
0.000541538 1.84615e-06 0 0 0 0 0 0 2890 77.5111 5467.55 8 11089.2
0.000548923 1.84615e-06 0 0 0 0 0 0 2902 78.5986 5539.78 8 9725.07
0.000556308 1.84615e-06 0 0 0 0 0 0 2959 79.5986 5617.22 8 13484.7
0.000561818 1.81818e-06 0 0 0 0 0 0 2950 81.1749 5617.8 8 2781.92
0.000569091 1.81818e-06 0 0 0 0 0 0 3004 82.3019 5685.56 8 12901.8
0.000576364 1.81818e-06 0 0 0 0 0 0 2977 83.4221 5752.93 8 11416.4
0.000583471 1.65289e-06 0 0 0 0 0 0 2998 84.4266 5826.3 8 12021.4
0.000591736 1.65289e-06 0 0 0 0 0 0 3052 85.5299 5928.44 8 15294.4
0.000598347 1.65289e-06 0 0 0 0 0 0 3064 86.7304 5987.45 8 15070.4
0.000601667 1.66667e-06 0 0 0 0 0 0 3067 88.1315 5961.83 8 2759.88
0.000608333 1.66667e-06 0 0 0 0 0 0 3178 89.2993 6024.37 8 12777
0.000614815 1.57407e-06 0 0 0 0 0 0 3199 90.3867 6093.86 8 11419.9
0.000621111 1.57407e-06 0 0 0 0 0 0 3232 91.3871 6167.7 8 13874.6
0.000628981 1.57407e-06 0 0 0 0 0 0 3244 92.6386 6259.05 8 12419.4
0.000635278 1.57407e-06 0 0 0 0 0 0 3352 93.7411 6326.86 8 13264.3
0.000641538 1.53846e-06 0 0 0 0 0 0 3391 95.6604 6341.25 8 2959.29
0.000647692 1.53846e-06 0 0 0 0 0 0 3415 96.7973 6407.48 8 13589.4
0.000653846 1.53846e-06 0 0 0 0 0 0 3415 98.0367 6465.6 8 10855.4
0.000659729 1.44796e-06 0 0 0 0 0 0 3400 99.2814 6521.74 8 10440.1
0.00066552 1.44796e-06 0 0 0 0 0 0 3448 100.374 6587.22 8 11968.6
0.000671312 1.44796e-06 0 0 0 0 0 0 3451 101.425 6655 8 14300
0.000678552 1.44796e-06 0 0 0 0 0 0 3538 102.679 6744.42 8 13335.5
0.000681429 1.42857e-06 0 0 0 0 0 0 3565 104.06 6723.36 8 3133.2
0.000687143 1.42857e-06 0 0 0 0 0 0 3589 105.138 6790.76 8 11985.3
0.000692857 1.42857e-06 0 0 0 0 0 0 3595 106.342 6849.45 8 11013.2
0.000696992 1.35338e-06 0 0 0 0 0 0 3595 107.351 6885.39 8 10268.5
0.000702406 1.35338e-06 0 0 0 0 0 0 3589 108.621 6937.1 8 10389.7
0.00070782 1.35338e-06 0 0 0 0 0 0 3649 109.881 6989.56 8 10877.3
0.00071188 1.35338e-06 0 0 0 0 0 0 3646 110.932 7022.02 8 10181.3
0.000717293 1.35338e-06 0 0 0 0 0 0 3634 112.127 7077.28 8 10350.2
0.000721429 1.42857e-06 0 0 0 0 0 0 3646 113.934 7060.98 8 3107.61
0.000727143 1.42857e-06 0 0 0 0 0 0 3736 115.238 7109.88 8 11677.9
0.000732857 1.42857e-06 0 0 0 0 0 0 3760 116.501 7161.57 8 9388.31
0.000737143 1.42857e-06 0 0 0 0 0 0 3784 117.515 7196.04 8 9639.83
0.000742857 1.42857e-06 0 0 0 0 0 0 3829 118.72 7251.35 8 12275.5
0.000745714 1.42857e-06 0 0 0 0 0 0 3838 119.903 7243.81 8 4361.31
0.000748571 1.42857e-06 0 0 0 0 0 0 3925 121.197 7230.87 8 5830.09
0.000751429 1.42857e-06 0 0 0 0 0 0 3955 122.377 7225.74 8 6294.15
0.000754286 1.42857e-06 0 0 0 0 0 0 3976 123.471 7226.02 8 6925.02
0.000758571 1.42857e-06 0 0 0 0 0 0 4033 124.725 7249.97 8 10398.8
0.000761481 1.48148e-06 0 0 0 0 0 0 4048 126.371 7219.64 8 3186.74
0.000765926 1.48148e-06 0 0 0 0 0 0 4069 127.472 7252.73 8 11476.4
0.000771852 1.48148e-06 0 0 0 0 0 0 4135 128.768 7307.66 8 12525.1
0.000776296 1.48148e-06 0 0 0 0 0 0 4144 129.867 7341.58 8 12857.1
0.000782222 1.48148e-06 0 0 0 0 0 0 4180 131.264 7390.47 8 10148.6
0.000786667 1.48148e-06 0 0 0 0 0 0 4213 132.27 7429.53 8 14123.6
0.000792593 1.48148e-06 0 0 0 0 0 0 4213 133.583 7482.63 8 11536.8
0.000797037 1.48148e-06 0 0 0 0 0 0 4213 134.589 7520.57 8 12742.7
0.000801481 1.48148e-06 0 0 0 0 0 0 4252 136.775 7493.45 8 2935.6
0.000805926 1.48148e-06 0 0 0 0 0 0 4273 137.833 7528.77 8 12681.5
0.00081037 1.48148e-06 0 0 0 0 0 0 4351 138.913 7563.5 8 11368.3
0.000814815 1.48148e-06 0 0 0 0 0 0 4393 139.94 7601.97 8 13590.5
0.000819259 1.48148e-06 0 0 0 0 0 0 4429 141.042 7636.48 8 11910
0.000825185 1.48148e-06 0 0 0 0 0 0 4474 142.324 7693.15 8 14095.1
0.000831111 1.48148e-06 0 0 0 0 0 0 4498 143.605 7749.82 8 12732.7
0.000837037 1.48148e-06 0 0 0 0 0 0 4522 144.925 7803.9 8 13329.9
0.000841538 1.53846e-06 0 0 0 0 0 0 4549 146.877 7793.05 8 3495.93
0.000846154 1.53846e-06 0 0 0 0 0 0 4618 148.101 7821.71 8 10148
0.000849231 1.53846e-06 0 0 0 0 0 0 4603 149.131 7829.49 8 7211.32
0.000853846 1.53846e-06 0 0 0 0 0 0 4639 150.569 7846.89 8 7280.6
0.000858462 1.53846e-06 0 0 0 0 0 0 4699 151.881 7871.41 8 10414.6
0.000863077 1.53846e-06 0 0 0 0 0 0 4753 153.324 7890.03 8 10555.7
0.000867692 1.53846e-06 0 0 0 0 0 0 4756 154.629 7915.73 8 10577.1
0.000870769 1.53846e-06 0 0 0 0 0 0 4768 156.362 7889 8 5231.62
0.000873846 1.53846e-06 0 0 0 0 0 0 4789 157.643 7885.57 8 9548.65
0.000876923 1.53846e-06 0 0 0 0 0 0 4792 158.683 7894.23 8 9374.17
0.00088 1.53846e-06 0 0 0 0 0 0 4813 160.024 7888.11 8 6512.81
0.000881538 1.53846e-06 0 0 0 0 0 0 4819 161.82 7830.34 8 2683.27
0.000884615 1.53846e-06 0 0 0 0 0 0 4828 163.006 7832.57 8 10848.7
0.000887692 1.53846e-06 0 0 0 0 0 0 4837 164.313 7829.17 8 5552.06
0.000890769 1.53846e-06 0 0 0 0 0 0 4831 165.622 7825.61 8 8092.4
0.000893846 1.53846e-06 0 0 0 0 0 0 4840 167.171 7810.95 8 5215.11
0.000896923 1.53846e-06 0 0 0 0 0 0 4834 168.206 7820.35 8 8618.37
0.000901538 1.53846e-06 0 0 0 0 0 0 4858 169.588 7842.39 8 8823.36
0.000906154 1.53846e-06 0 0 0 0 0 0 4915 170.972 7864.74 8 10266.9
0.000910769 1.53846e-06 0 0 0 0 0 0 4936 172.108 7898.88 8 14355.1
0.000915385 1.53846e-06 0 0 0 0 0 0 4978 173.316 7929.6 8 11025.9
0.00092 1.53846e-06 0 0 0 0 0 0 5032 174.402 7966.46 8 14768.6
0.000921538 1.53846e-06 0 0 0 0 0 0 5038 175.654 7938.36 8 4023.93
0.000926154 1.53846e-06 0 0 0 0 0 0 5050 177.175 7955.66 8 7943.32
0.000930769 1.53846e-06 0 0 0 0 0 0 5107 178.525 7981.16 8 9913.54
0.000933846 1.53846e-06 0 0 0 0 0 0 5125 179.888 7977.56 8 5515.49
0.000936923 1.53846e-06 0 0 0 0 0 0 5116 181.067 7982.21 8 9516.63
0.00094 1.53846e-06 0 0 0 0 0 0 5122 182.08 7994.09 8 8178.57
0.000943077 1.53846e-06 0 0 0 0 0 0 5149 183.208 8000.95 8 9561.09
0.000947692 1.53846e-06 0 0 0 0 0 0 5161 184.464 8030.33 8 12323.5
0.000952308 1.53846e-06 0 0 0 0 0 0 5185 185.853 8053.77 8 10837.9
0.000955385 1.53846e-06 0 0 0 0 0 0 5236 186.869 8065.95 8 9265.32
0.000958462 1.53846e-06 0 0 0 0 0 0 5257 187.874 8078.8 8 11368
0.000961538 1.53846e-06 0 0 0 0 0 0 5287 189.634 8059.45 8 3949.31
0.000966154 1.53846e-06 0 0 0 0 0 0 5344 190.805 8093.72 8 13827.3
0.000970769 1.53846e-06 0 0 0 0 0 0 5395 191.966 8128.77 8 14067.1
0.000975299 1.45299e-06 0 0 0 0 0 0 5413 193.206 8160.61 8 13188.1
0.000979658 1.45299e-06 0 0 0 0 0 0 5404 194.408 8193.61 8 14363.6
0.000984017 1.45299e-06 0 0 0 0 0 0 5380 195.543 8228.72 8 13902
0.000988376 1.45299e-06 0 0 0 0 0 0 5422 196.884 8254.98 8 9702.5
0.000992735 1.45299e-06 0 0 0 0 0 0 5470 197.987 8291.74 8 17393.7
0.000997094 1.45299e-06 0 0 0 0 0 0 5494 199.234 8322.36 8 14289.2
0.00100148 1.48148e-06 0 0 0 0 0 0 5536 201.638 8305.5 8 3315.01
0.00100593 1.48148e-06 0 0 0 0 0 0 5548 202.858 8337.58 8 16114.6
0.00101037 1.48148e-06 0 0 0 0 0 0 5545 204.023 8371.54 8 14951
0.00101481 1.48148e-06 0 0 0 0 0 0 5593 205.197 8405.07 8 14645.5
0.00101926 1.48148e-06 0 0 0 0 0 0 5620 206.462 8434.97 8 12562.5
0.00102222 1.48148e-06 0 0 0 0 0 0 5626 207.497 8447.07 8 11180.7
0.00102667 1.48148e-06 0 0 0 0 0 0 5650 208.883 8472.05 8 10938.8
0.00103111 1.48148e-06 0 0 0 0 0 0 5695 210.169 8501.31 8 14977.9
0.00103556 1.48148e-06 0 0 0 0 0 0 5767 211.46 8530.84 8 14628.7
0.00103901 9.87654e-07 0 0 0 0 0 0 5824 212.641 8565.3 8 14527.5
0.00104143 1.42857e-06 0 0 0 0 0 0 5830 214.37 8550.6 8 4452.77
0.00104571 1.42857e-06 0 0 0 0 0 0 5863 215.587 8583.64 8 15134.5
0.00105 1.42857e-06 0 0 0 0 0 0 5884 217.048 8607.03 8 8916.21
0.00105286 1.42857e-06 0 0 0 0 0 0 5878 218.504 8603.5 8 7169.44
0.00105571 1.42857e-06 0 0 0 0 0 0 5908 219.721 8609.55 8 7950.82
0.00105857 1.42857e-06 0 0 0 0 0 0 5965 221.121 8608.88 8 7655.66
0.00106143 1.42857e-06 0 0 0 0 0 0 5980 222.606 8605.16 8 7353.56
0.00106429 1.42857e-06 0 0 0 0 0 0 6001 223.792 8613.13 8 11821.5
0.00106714 1.42857e-06 0 0 0 0 0 0 5998 225.03 8619.09 8 11294.5
0.00107 1.42857e-06 0 0 0 0 0 0 6028 226.043 8633.69 8 12091.8
0.00107286 1.42857e-06 0 0 0 0 0 0 6058 227.128 8645.64 8 12529.2
0.00107714 1.42857e-06 0 0 0 0 0 0 6139 228.413 8677.37 8 13587.9
0.00108143 1.42857e-06 0 0 0 0 0 0 6163 230.564 8676.62 8 4762.57
0.00108571 1.42857e-06 0 0 0 0 0 0 6166 231.8 8710.19 8 15382.7
0.00109 1.42857e-06 0 0 0 0 0 0 6184 233.069 8742.2 8 13700.4
0.00109429 1.42857e-06 0 0 0 0 0 0 6229 234.37 8773.25 8 14314
0.00109857 1.42857e-06 0 0 0 0 0 0 6253 235.555 8808.76 8 16415.8
0.00110286 1.42857e-06 0 0 0 0 0 0 6286 236.956 8836.08 8 11445.2
0.00110714 1.42857e-06 0 0 0 0 0 0 6271 238.46 8859.2 8 11305.1
0.00111 1.42857e-06 0 0 0 0 0 0 6289 239.81 8861.79 8 7562.11
0.00111286 1.42857e-06 0 0 0 0 0 0 6298 241.332 8858.06 8 8328.88
0.00111571 1.42857e-06 0 0 0 0 0 0 6328 242.779 8857.34 8 10637.9
0.0011181 9.52381e-07 0 0 0 0 0 0 6361 243.864 8870.09 8 11956.9
0.00112 9.52381e-07 0 0 0 0 0 0 6403 245.336 8869 8 9596.09
0.00112138 1.37931e-06 0 0 0 0 0 0 6400 247.023 8834.36 8 3795.5
0.00112414 1.37931e-06 0 0 0 0 0 0 6391 248.148 8845.89 8 13729
0.0011269 1.37931e-06 0 0 0 0 0 0 6430 249.38 8853.69 8 10517.7
0.00112966 1.37931e-06 0 0 0 0 0 0 6424 250.685 8858.88 8 10706.8
0.00113241 1.37931e-06 0 0 0 0 0 0 6466 251.833 8869.78 8 12134.3
0.00113655 1.37931e-06 0 0 0 0 0 0 6475 253.321 8894.31 8 12519.5
0.00114069 1.37931e-06 0 0 0 0 0 0 6502 254.702 8922.66 8 13766.7
0.00114483 1.37931e-06 0 0 0 0 0 0 6532 256.13 8949.36 8 13389.3
0.00114759 1.37931e-06 0 0 0 0 0 0 6553 257.181 8963.68 8 11630.9
0.00115172 1.37931e-06 0 0 0 0 0 0 6586 258.568 8991.79 8 13557.4
0.00115586 1.37931e-06 0 0 0 0 0 0 6652 259.935 9021.05 8 14115.1
0.00116 1.37931e-06 0 0 0 0 0 0 6727 261.372 9048.37 8 14608.8
0.00116138 1.37931e-06 0 0 0 0 0 0 6745 262.654 9029.89 8 5261.75
0.00116552 1.37931e-06 0 0 0 0 0 0 6751 264.031 9059.47 8 16652
0.00116966 1.37931e-06 0 0 0 0 0 0 6790 265.426 9088.42 8 16370.8
0.00117379 1.37931e-06 0 0 0 0 0 0 6817 266.74 9120.21 8 16268.8
0.00117793 1.37931e-06 0 0 0 0 0 0 6847 268.237 9145.73 8 13042.8
0.00118069 1.37931e-06 0 0 0 0 0 0 6856 269.262 9161.87 8 13441.4
0.00118483 1.37931e-06 0 0 0 0 0 0 6868 270.655 9190.78 8 14170.3
0.00118897 1.37931e-06 0 0 0 0 0 0 6925 271.907 9224.68 8 16059.4
0.0011931 1.37931e-06 0 0 0 0 0 0 6961 273.284 9254.39 8 16528.7
0.00119724 1.37931e-06 0 0 0 0 0 0 7003 274.672 9283.94 8 13419.4
0.00120138 1.37931e-06 0 0 0 0 0 0 7033 277.064 9279.9 8 4917.36
0.00120414 1.37931e-06 0 0 0 0 0 0 7045 278.299 9289.33 8 10389.5
0.0012069 1.37931e-06 0 0 0 0 0 0 7072 279.352 9304.91 8 12219
0.00121103 1.37931e-06 0 0 0 0 0 0 7132 280.748 9334.62 8 16997.1
0.00121517 1.37931e-06 0 0 0 0 0 0 7150 282.161 9363.74 8 14096
0.00121931 1.37931e-06 0 0 0 0 0 0 7177 283.55 9393.66 8 14994.6
0.00122345 1.37931e-06 0 0 0 0 0 0 7171 284.924 9423.86 8 16353.1
0.00122759 1.37931e-06 0 0 0 0 0 0 7207 286.25 9455.69 8 16568.7
0.00123034 1.37931e-06 0 0 0 0 0 0 7237 287.258 9472.91 8 13124.3
0.0012331 1.37931e-06 0 0 0 0 0 0 7267 288.374 9486.64 8 12784.9
0.00123724 1.37931e-06 0 0 0 0 0 0 7315 289.846 9513.95 8 15034.4
0.00124 1.37931e-06 0 0 0 0 0 0 7357 290.912 9529.58 8 13380.9
0.00124138 1.37931e-06 0 0 0 0 0 0 7375 292.346 9508.06 8 5141.87
0.00124414 1.37931e-06 0 0 0 0 0 0 7390 293.831 9510.3 8 11042.6
0.0012469 1.37931e-06 0 0 0 0 0 0 7402 295.448 9508.35 8 11834.1
0.00124966 1.37931e-06 0 0 0 0 0 0 7435 296.788 9515.46 8 9718.18
0.00125241 1.37931e-06 0 0 0 0 0 0 7453 298.171 9521.28 8 9957.27
0.00125517 1.37931e-06 0 0 0 0 0 0 7459 300.188 9507 8 6120.88
0.00125793 1.37931e-06 0 0 0 0 0 0 7477 301.838 9504.52 8 8655.89
0.00126069 1.37931e-06 0 0 0 0 0 0 7483 303.255 9509.42 8 10532.8
0.00126207 1.37931e-06 0 0 0 0 0 0 7495 304.26 9502.64 8 7457.27
0.00126483 1.37931e-06 0 0 0 0 0 0 7531 305.787 9504.35 8 8806.85
0.00126621 1.37931e-06 0 0 0 0 0 0 7528 306.948 9492.94 8 6486.02
0.00126759 1.37931e-06 0 0 0 0 0 0 7516 308.088 9482.19 8 6589.94
0.00127034 1.37931e-06 0 0 0 0 0 0 7543 309.929 9474.49 8 7272.45
0.00127172 1.37931e-06 0 0 0 0 0 0 7573 310.992 9466.45 8 7122.78
0.0012731 1.37931e-06 0 0 0 0 0 0 7573 312.156 9455.43 8 6508.38
0.00127586 1.37931e-06 0 0 0 0 0 0 7606 313.644 9459.01 8 10254.8
0.00127862 1.37931e-06 0 0 0 0 0 0 7645 315.071 9464.61 8 9464.33
0.00128138 1.37931e-06 0 0 0 0 0 0 7678 317.582 9438.1 8 4686.25
0.00128414 1.37931e-06 0 0 0 0 0 0 7714 319.372 9433.44 8 7612.87
0.0012869 1.37931e-06 0 0 0 0 0 0 7726 321.141 9429.56 8 7778.88
0.00128828 1.37931e-06 0 0 0 0 0 0 7738 322.156 9423.87 8 7623.13
0.00129103 1.37931e-06 0 0 0 0 0 0 7750 323.872 9421.76 8 7854.81
0.00129379 1.37931e-06 0 0 0 0 0 0 7771 325.488 9422.71 8 10071.3
0.00129655 1.37931e-06 0 0 0 0 0 0 7771 326.659 9436.52 8 12120.8
0.00129931 1.37931e-06 0 0 0 0 0 0 7786 327.92 9447.71 8 10922.7
0.00130207 1.37931e-06 0 0 0 0 0 0 7828 329.405 9452.64 8 8097.53
0.00130483 1.37931e-06 0 0 0 0 0 0 7840 331.223 9448.04 8 6266.92
0.00130759 1.37931e-06 0 0 0 0 0 0 7867 332.748 9451.98 8 11005.3
0.00131034 1.37931e-06 0 0 0 0 0 0 7900 334.196 9458.24 8 10412
0.0013131 1.37931e-06 0 0 0 0 0 0 7918 335.493 9468.87 8 14142.1
0.00131586 1.37931e-06 0 0 0 0 0 0 7942 336.83 9478.41 8 10632.5
0.00131862 1.37931e-06 0 0 0 0 0 0 7981 338.2 9487.11 8 10128.3
0.00132138 1.37931e-06 0 0 0 0 0 0 8008 340.988 9456.5 8 4189.89
0.00132414 1.37931e-06 0 0 0 0 0 0 8035 342.495 9461.73 8 10703.1
0.0013269 1.37931e-06 0 0 0 0 0 0 8056 343.744 9474.18 8 13126.3
0.00132966 1.37931e-06 0 0 0 0 0 0 8086 345.345 9477.02 8 8240.95
0.00133241 1.37931e-06 0 0 0 0 0 0 8104 347.147 9474.47 8 10075.5
0.00133517 1.37931e-06 0 0 0 0 0 0 8143 348.823 9475.57 8 11355.5
0.00133793 1.37931e-06 0 0 0 0 0 0 8164 350.36 9480.56 8 11319.9
0.00134069 1.37931e-06 0 0 0 0 0 0 8176 351.478 9496.93 8 14873.2
0.00134345 1.37931e-06 0 0 0 0 0 0 8155 352.78 9508.18 8 12396.3
0.00134621 1.37931e-06 0 0 0 0 0 0 8179 354.747 9501.53 8 7550.98
0.00134897 1.37931e-06 0 0 0 0 0 0 8245 356.258 9507.35 8 10083.2
0.00135172 1.37931e-06 0 0 0 0 0 0 8272 358.124 9503.96 8 9540
0.00135448 1.37931e-06 0 0 0 0 0 0 8287 359.644 9509.89 8 9564.36
0.00135724 1.37931e-06 0 0 0 0 0 0 8329 361.142 9516.5 8 10300.2
0.00136 1.37931e-06 0 0 0 0 0 0 8338 362.649 9522.95 8 11265.5
0.00136138 1.37931e-06 0 0 0 0 0 0 8371 364.478 9498.13 8 4576.23
0.00136414 1.37931e-06 0 0 0 0 0 0 8386 366.252 9497.88 8 9810.72
0.0013669 1.37931e-06 0 0 0 0 0 0 8392 367.636 9507.77 8 13794.5
0.00136966 1.37931e-06 0 0 0 0 0 0 8410 368.88 9521.3 8 13323.8
0.00137241 1.37931e-06 0 0 0 0 0 0 8431 370.501 9525.11 8 13003.8
0.00137517 1.37931e-06 0 0 0 0 0 0 8440 372.057 9530.64 8 12066.7
0.00137793 1.37931e-06 0 0 0 0 0 0 8440 374.163 9522.11 8 7431.72
0.00138069 1.37931e-06 0 0 0 0 0 0 8440 375.493 9533.31 8 15267.8
0.00138345 1.37931e-06 0 0 0 0 0 0 8452 376.848 9543.87 8 11779.4
0.00138621 1.37931e-06 0 0 0 0 0 0 8440 378.415 9548.98 8 10521.4
0.00138897 1.37931e-06 0 0 0 0 0 0 8467 379.934 9555.33 8 11460
0.00139172 1.37931e-06 0 0 0 0 0 0 8470 382.154 9544.16 8 6945.55
0.00139448 1.37931e-06 0 0 0 0 0 0 8497 383.543 9553.83 8 11917.4
0.00139724 1.37931e-06 0 0 0 0 0 0 8506 384.864 9565.25 8 11988.1
0.0014 1.37931e-06 0 0 0 0 0 0 8539 386.658 9565.01 8 9824.44
0.00140138 1.37931e-06 0 0 0 0 0 0 8560 388.451 9542.9 8 4774.35
0.00140276 1.37931e-06 0 0 0 0 0 0 8578 389.625 9536.17 8 7309.78
0.00140552 1.37931e-06 0 0 0 0 0 0 8575 391.518 9533.85 8 7551.77
0.00140828 1.37931e-06 0 0 0 0 0 0 8554 392.917 9543.45 8 11800.4
0.00141103 1.37931e-06 0 0 0 0 0 0 8542 394.579 9546.58 8 9466.1
0.00141379 1.37931e-06 0 0 0 0 0 0 8551 396.179 9551.21 8 10498.2
0.00141655 1.37931e-06 0 0 0 0 0 0 8566 398.09 9548.34 8 9052.98
0.00141931 1.37931e-06 0 0 0 0 0 0 8587 399.806 9550.32 8 8780.1
0.00142207 1.37931e-06 0 0 0 0 0 0 8587 401.626 9549.84 8 9153.97
0.00142483 1.37931e-06 0 0 0 0 0 0 8590 403.408 9550.25 8 10557.4
0.00142759 1.37931e-06 0 0 0 0 0 0 8605 405.25 9549.27 8 7681.4
0.00143034 1.37931e-06 0 0 0 0 0 0 8620 407.253 9544.64 8 8265.1
0.0014331 1.37931e-06 0 0 0 0 0 0 8614 408.724 9552.44 8 10180
0.00143586 1.37931e-06 0 0 0 0 0 0 8581 410.557 9551.63 8 9326.75
0.00143724 1.37931e-06 0 0 0 0 0 0 8578 411.662 9546.82 8 7762.78
0.00144 1.37931e-06 0 0 0 0 0 0 8584 413.381 9548.64 8 9112.14
0.00144143 1.42857e-06 0 0 0 0 0 0 8611 414.954 9533.18 8 5471.59
0.00144429 1.42857e-06 0 0 0 0 0 0 8638 416.172 9546.77 8 15541.6
0.00144714 1.42857e-06 0 0 0 0 0 0 8641 417.468 9558.51 8 14198.5
0.00145 1.42857e-06 0 0 0 0 0 0 8638 418.719 9571.16 8 12043.5
0.00145143 1.42857e-06 0 0 0 0 0 0 8641 420.007 9562.37 8 6706.99
0.00145429 1.42857e-06 0 0 0 0 0 0 8656 421.623 9566.76 8 10629.2
0.00145714 1.42857e-06 0 0 0 0 0 0 8671 423.384 9567.92 8 8812.82
0.00146 1.42857e-06 0 0 0 0 0 0 8653 424.98 9572.74 8 8030.25
0.00146286 1.42857e-06 0 0 0 0 0 0 8653 426.584 9577.31 8 10804.7
0.00146571 1.42857e-06 0 0 0 0 0 0 8668 427.741 9591.87 8 15309.4
0.00146857 1.42857e-06 0 0 0 0 0 0 8674 429.031 9603.49 8 13220
0.00147143 1.42857e-06 0 0 0 0 0 0 8692 430.276 9616.08 8 13392.9
0.00147429 1.42857e-06 0 0 0 0 0 0 8713 431.323 9633.11 8 16062.5
0.00147714 1.42857e-06 0 0 0 0 0 0 8755 432.411 9649.32 8 16947.2
0.00148 1.42857e-06 0 0 0 0 0 0 8767 433.459 9666.46 8 16365.3
0.00148143 1.42857e-06 0 0 0 0 0 0 8767 434.77 9657.49 8 6690.3
0.00148429 1.42857e-06 0 0 0 0 0 0 8764 435.832 9674.17 8 16474.6
0.00148714 1.42857e-06 0 0 0 0 0 0 8740 436.835 9692 8 16965.1
0.00149143 1.42857e-06 0 0 0 0 0 0 8758 438.368 9718 8 16187.6
0.00149429 1.42857e-06 0 0 0 0 0 0 8761 439.427 9734.45 8 17343.5
0.00149857 1.42857e-06 0 0 0 0 0 0 8755 440.89 9761.71 8 18040.5
0.00150143 1.42857e-06 0 0 0 0 0 0 8752 441.896 9779.11 8 17560.3
0.00150571 1.42857e-06 0 0 0 0 0 0 8758 443.365 9805.87 8 18041.5
0.00150984 1.26984e-06 0 0 0 0 0 0 8755 444.794 9833.39 8 18630.8
0.00151365 1.26984e-06 0 0 0 0 0 0 8773 446.238 9860.58 8 18027.8
0.00151746 1.26984e-06 0 0 0 0 0 0 8776 447.697 9887.2 8 18450.7
0.00152 1.26984e-06 0 0 0 0 0 0 8797 448.707 9904.15 8 16147.2
0.00152138 1.37931e-06 0 0 0 0 0 0 8788 450.008 9895.04 8 6753.95
0.00152552 1.37931e-06 0 0 0 0 0 0 8818 451.478 9921.29 8 18439.7
0.00152966 1.37931e-06 0 0 0 0 0 0 8815 452.921 9948.07 8 18015
0.00153241 1.37931e-06 0 0 0 0 0 0 8821 453.946 9964.41 8 17063.5
0.00153517 1.37931e-06 0 0 0 0 0 0 8827 454.983 9980.49 8 17026.1
0.00153931 1.37931e-06 0 0 0 0 0 0 8824 456.477 10005.8 8 17471.4
0.00154207 1.37931e-06 0 0 0 0 0 0 8788 457.514 10021.6 8 17685.2
0.00154483 1.37931e-06 0 0 0 0 0 0 8797 458.536 10037.6 8 17835.9
0.00154759 1.37931e-06 0 0 0 0 0 0 8839 459.576 10053.3 8 17331.2
0.00155034 1.37931e-06 0 0 0 0 0 0 8839 460.66 10068 8 15997
0.0015531 1.37931e-06 0 0 0 0 0 0 8818 461.685 10083.9 8 17520.3
0.00155724 1.37931e-06 0 0 0 0 0 0 8839 463.174 10108.7 8 17567.1
0.00156138 1.37931e-06 0 0 0 0 0 0 8830 465.424 10116.7 8 7053.33
0.00156552 1.37931e-06 0 0 0 0 0 0 8824 466.865 10142.2 8 18616.7
0.00156828 1.37931e-06 0 0 0 0 0 0 8833 467.867 10158.3 8 18072.6
0.00157103 1.37931e-06 0 0 0 0 0 0 8830 468.912 10173.4 8 15690.2
0.00157379 1.37931e-06 0 0 0 0 0 0 8827 469.916 10189.2 8 17589.3
0.00157655 1.37931e-06 0 0 0 0 0 0 8797 470.941 10204.4 8 17693
0.00157931 1.37931e-06 0 0 0 0 0 0 8824 471.997 10218.9 8 16515.9
0.00158207 1.37931e-06 0 0 0 0 0 0 8809 473.026 10233.9 8 17533.7
0.00158483 1.37931e-06 0 0 0 0 0 0 8830 474.079 10248.4 8 17908.5
0.00158759 1.37931e-06 0 0 0 0 0 0 8833 475.091 10263.8 8 17082
0.00159034 1.37931e-06 0 0 0 0 0 0 8848 476.128 10278.6 8 16398.5
0.0015931 1.37931e-06 0 0 0 0 0 0 8848 477.159 10293.5 8 17717.1
0.00159586 1.37931e-06 0 0 0 0 0 0 8839 478.197 10308.1 8 16938.6
0.00159862 1.37931e-06 0 0 0 0 0 0 8788 480.091 10304.1 8 6327.57
0.00160138 1.37931e-06 0 0 0 0 0 0 8752 482.519 10288.6 8 5232.37
0.00160414 1.37931e-06 0 0 0 0 0 0 8737 484.111 10290.9 8 9609.68
0.00160552 1.37931e-06 0 0 0 0 0 0 8740 485.39 10281.7 8 6831.18
0.00160828 1.37931e-06 0 0 0 0 0 0 8728 486.977 10284.1 8 11797.9
0.00161103 1.37931e-06 0 0 0 0 0 0 8722 488.299 10292 8 14159.6
0.00161379 1.37931e-06 0 0 0 0 0 0 8719 489.704 10298.1 8 13170
0.00161655 1.37931e-06 0 0 0 0 0 0 8731 490.954 10307.4 8 13824.3
0.00161931 1.37931e-06 0 0 0 0 0 0 8719 492.105 10318.8 8 13712.4
0.00162207 1.37931e-06 0 0 0 0 0 0 8722 493.192 10331.4 8 16046.1
0.00162483 1.37931e-06 0 0 0 0 0 0 8725 494.239 10344.8 8 17400.8
0.00162759 1.37931e-06 0 0 0 0 0 0 8734 495.293 10358.1 8 15551.8
0.00163034 1.37931e-06 0 0 0 0 0 0 8722 496.37 10370.8 8 16238.4
0.0016331 1.37931e-06 0 0 0 0 0 0 8713 497.453 10383.2 8 16313.3
0.00163586 1.37931e-06 0 0 0 0 0 0 8707 498.5 10396.4 8 16855
0.00163862 1.37931e-06 0 0 0 0 0 0 8704 499.72 10405.8 8 14898.9
0.00164138 1.37931e-06 0 0 0 0 0 0 8704 501.511 10403.4 8 6858.1
0.00164414 1.37931e-06 0 0 0 0 0 0 8689 502.543 10416.6 8 16905.5
0.00164828 1.37931e-06 0 0 0 0 0 0 8680 503.999 10438.2 8 17906.6
0.00165103 1.37931e-06 0 0 0 0 0 0 8659 505.073 10450.3 8 15561
0.00165517 1.37931e-06 0 0 0 0 0 0 8656 506.559 10470.9 8 17226.5
0.00165793 1.37931e-06 0 0 0 0 0 0 8668 507.628 10483 8 16632.8
0.00166069 1.37931e-06 0 0 0 0 0 0 8647 508.647 10496 8 17692.8
0.00166345 1.37931e-06 0 0 0 0 0 0 8641 509.743 10507.4 8 16174.8
0.00166621 1.37931e-06 0 0 0 0 0 0 8644 510.764 10520.2 8 17742
0.00166897 1.37931e-06 0 0 0 0 0 0 8653 511.769 10533.4 8 17872.4
0.0016731 1.37931e-06 0 0 0 0 0 0 8653 513.275 10553.1 8 16669.2
0.00167586 1.37931e-06 0 0 0 0 0 0 8638 514.324 10565.2 8 15809.3
0.00168 1.37931e-06 0 0 0 0 0 0 8626 515.837 10584.4 8 16586.5
0.00168138 1.37931e-06 0 0 0 0 0 0 8614 517.08 10575.6 8 6930.44
0.00168552 1.37931e-06 0 0 0 0 0 0 8629 518.611 10594.3 8 16073.4
0.00168828 1.37931e-06 0 0 0 0 0 0 8620 519.693 10605.4 8 16876.8
0.00169241 1.37931e-06 0 0 0 0 0 0 8623 521.17 10625 8 17158.2
0.00169655 1.37931e-06 0 0 0 0 0 0 8596 522.615 10645 8 18235.6
0.00170069 1.37931e-06 0 0 0 0 0 0 8599 524.118 10663.7 8 16991.8
0.00170345 1.37931e-06 0 0 0 0 0 0 8599 525.119 10676.1 8 17425.8
0.00170759 1.37931e-06 0 0 0 0 0 0 8584 526.611 10694.8 8 17209
0.00171155 1.2069e-06 0 0 0 0 0 0 8557 528.082 10713.7 8 16467.3
0.00171517 1.2069e-06 0 0 0 0 0 0 8590 529.704 10729.5 8 13763.4
0.00171759 1.2069e-06 0 0 0 0 0 0 8584 530.743 10740.9 8 16224.7
0.00172133 1.33333e-06 0 0 0 0 0 0 8578 533.023 10743.2 8 6674.64
0.001724 1.33333e-06 0 0 0 0 0 0 8575 534.04 10754.9 8 17359.5
0.00172667 1.33333e-06 0 0 0 0 0 0 8545 535.045 10766.7 8 16484.9
0.00172933 1.33333e-06 0 0 0 0 0 0 8551 536.079 10777.8 8 17516.4
0.001732 1.33333e-06 0 0 0 0 0 0 8545 537.104 10789.1 8 16729.8
0.00173467 1.33333e-06 0 0 0 0 0 0 8548 538.141 10800.1 8 15605.8
0.00173733 1.33333e-06 0 0 0 0 0 0 8551 540.101 10792.5 8 5826.34
0.00174 1.33333e-06 0 0 0 0 0 0 8554 542.119 10783.9 8 7295.36
0.00174267 1.33333e-06 0 0 0 0 0 0 8545 543.714 10783.8 8 9884.92
0.001744 1.33333e-06 0 0 0 0 0 0 8548 545.047 10773.1 8 6412.94
0.00174667 1.33333e-06 0 0 0 0 0 0 8545 546.645 10772.9 8 11216.3
0.00174933 1.33333e-06 0 0 0 0 0 0 8530 547.922 10778.9 8 14937.2
0.001752 1.33333e-06 0 0 0 0 0 0 8500 549.139 10786 8 13705.9
0.00175467 1.33333e-06 0 0 0 0 0 0 8512 550.508 10790.1 8 14140.7
0.00175733 1.33333e-06 0 0 0 0 0 0 8509 551.709 10797.5 8 14204
0.00176 1.33333e-06 0 0 0 0 0 0 8518 552.962 10803.8 8 13316.3
0.00176133 1.33333e-06 0 0 0 0 0 0 8521 554.78 10783.7 8 4685.61
0.001764 1.33333e-06 0 0 0 0 0 0 8524 556.613 10778.8 8 7884.07
0.00176533 1.33333e-06 0 0 0 0 0 0 8524 557.726 10772.6 8 7662.78
0.001768 1.33333e-06 0 0 0 0 0 0 8521 559.503 10768.9 8 8559.96
0.00176933 1.33333e-06 0 0 0 0 0 0 8500 560.533 10764.2 8 8247.83
0.001772 1.33333e-06 0 0 0 0 0 0 8497 562.012 10766.1 8 12574.4
0.00177467 1.33333e-06 0 0 0 0 0 0 8476 563.332 10771 8 12634.9
0.00177733 1.33333e-06 0 0 0 0 0 0 8464 564.507 10778.6 8 13437.5
0.00178 1.33333e-06 0 0 0 0 0 0 8461 565.669 10786.4 8 17257.9
0.00178267 1.33333e-06 0 0 0 0 0 0 8446 566.806 10794.6 8 14341.5
0.00178533 1.33333e-06 0 0 0 0 0 0 8434 567.877 10803.9 8 17220
0.001788 1.33333e-06 0 0 0 0 0 0 8434 568.879 10814.6 8 16229.5
0.00179052 1.18519e-06 0 0 0 0 0 0 8431 570.019 10822.5 8 15600.4
0.00179289 1.18519e-06 0 0 0 0 0 0 8404 571.095 10831.6 8 16370.3
0.00179526 1.18519e-06 0 0 0 0 0 0 8392 572.204 10839.9 8 15573.5
0.00179763 1.18519e-06 0 0 0 0 0 0 8362 573.222 10849.9 8 16541.6
0.0018 1.18519e-06 0 0 0 0 0 0 8365 574.256 10859.5 8 16047.5
0.00180129 1.29032e-06 0 0 0 0 0 0 8365 575.487 10850.8 8 6793.86
0.00180516 1.29032e-06 0 0 0 0 0 0 8365 576.971 10866.4 8 17057
0.00180903 1.29032e-06 0 0 0 0 0 0 8335 578.481 10881.2 8 16260.1
0.00181161 1.29032e-06 0 0 0 0 0 0 8356 579.512 10890.7 8 16551.7
0.00181419 1.29032e-06 0 0 0 0 0 0 8359 580.516 10900.7 8 16662.7
0.00181806 1.29032e-06 0 0 0 0 0 0 8308 582.004 10915.8 8 16935.1
0.00182065 1.29032e-06 0 0 0 0 0 0 8305 583.083 10924.1 8 14666.7
0.00182323 1.29032e-06 0 0 0 0 0 0 8326 584.089 10933.8 8 16730.1
0.0018271 1.29032e-06 0 0 0 0 0 0 8323 585.542 10949.3 8 17314.7
0.00182968 1.29032e-06 0 0 0 0 0 0 8293 586.557 10958.6 8 15777
0.00183226 1.29032e-06 0 0 0 0 0 0 8326 587.6 10967.5 8 15533.9
0.00183613 1.29032e-06 0 0 0 0 0 0 8338 589.071 10982.5 8 17307.6
0.00184 1.29032e-06 0 0 0 0 0 0 8326 590.556 10997.3 8 17053.5
0.00184129 1.29032e-06 0 0 0 0 0 0 8314 591.743 10989.2 8 7001.42
0.00184387 1.29032e-06 0 0 0 0 0 0 8308 592.812 10997.5 8 14221.5
0.00184645 1.29032e-06 0 0 0 0 0 0 8329 593.857 11006.1 8 16782.7
0.00185032 1.29032e-06 0 0 0 0 0 0 8323 595.312 11021.2 8 17779.8
0.00185419 1.29032e-06 0 0 0 0 0 0 8299 596.718 11037 8 17610.5
0.00185806 1.29032e-06 0 0 0 0 0 0 8305 598.168 11051.9 8 17037.9
0.0018605 1.21864e-06 0 0 0 0 0 0 8347 599.865 11048.5 8 6870.88
0.00186294 1.21864e-06 0 0 0 0 0 0 8338 601.616 11044.1 8 9975.27
0.00186416 1.21864e-06 0 0 0 0 0 0 8329 602.791 11036.3 8 7086.18
0.00186659 1.21864e-06 0 0 0 0 0 0 8329 604.614 11030.6 8 9965.33
0.00186903 1.21864e-06 0 0 0 0 0 0 8326 606.251 11028.3 8 9905.61
0.00187147 1.21864e-06 0 0 0 0 0 0 8347 608.036 11023.4 8 7885.15
0.00187391 1.21864e-06 0 0 0 0 0 0 8332 609.806 11018.7 8 8099.84
0.00187634 1.21864e-06 0 0 0 0 0 0 8317 611.633 11013 8 8743.64
0.00187878 1.21864e-06 0 0 0 0 0 0 8314 613.065 11014.4 8 13720.7
0.00188125 1.25e-06 0 0 0 0 0 0 8305 615.418 10999.3 8 4656.1
0.00188375 1.25e-06 0 0 0 0 0 0 8296 617.203 10994.4 8 8539.67
0.00188625 1.25e-06 0 0 0 0 0 0 8293 618.759 10993.5 8 11921.5
0.00188875 1.25e-06 0 0 0 0 0 0 8278 620.601 10987.6 8 8923.22
0.00189125 1.25e-06 0 0 0 0 0 0 8281 622.137 10987.1 8 9844.35
0.00189375 1.25e-06 0 0 0 0 0 0 8287 623.659 10986.9 8 10549.5
0.00189625 1.25e-06 0 0 0 0 0 0 8287 625.445 10982 8 10445.8
0.0018975 1.25e-06 0 0 0 0 0 0 8287 626.735 10972.6 8 6425.43
0.0019 1.25e-06 0 0 0 0 0 0 8299 628.305 10971.6 8 10748.5
0.00190125 1.25e-06 0 0 0 0 0 0 8296 629.562 10962.8 8 6603.38
0.0019025 1.25e-06 0 0 0 0 0 0 8284 630.82 10954.1 8 6582.89
0.00190375 1.25e-06 0 0 0 0 0 0 8281 631.874 10948.9 8 7856.51
0.00190625 1.25e-06 0 0 0 0 0 0 8269 633.504 10946.9 8 8745.33
0.00190875 1.25e-06 0 0 0 0 0 0 8254 635.301 10941.9 8 8503.9
0.00191125 1.25e-06 0 0 0 0 0 0 8281 637.141 10936.3 8 9548.82
0.00191375 1.25e-06 0 0 0 0 0 0 8248 638.824 10933.4 8 10222.6
0.001915 1.25e-06 0 0 0 0 0 0 8239 640.038 10925.5 8 6786.5
0.00191625 1.25e-06 0 0 0 0 0 0 8236 641.244 10917.8 8 6831.75
0.00191875 1.25e-06 0 0 0 0 0 0 8236 642.845 10916.3 8 9682.99
0.00192125 1.25e-06 0 0 0 0 0 0 8224 645.293 10900.4 8 4835.4
0.00192375 1.25e-06 0 0 0 0 0 0 8209 647.02 10896.6 8 7768.75
0.00192625 1.25e-06 0 0 0 0 0 0 8221 648.907 10890.3 8 9209.06
0.0019275 1.25e-06 0 0 0 0 0 0 8215 649.936 10885.7 8 7978.64
0.00193 1.25e-06 0 0 0 0 0 0 8203 651.443 10885.7 8 11836.4
0.0019325 1.25e-06 0 0 0 0 0 0 8233 653.14 10882.6 8 10194.1
0.001935 1.25e-06 0 0 0 0 0 0 8227 654.351 10887.6 8 12738.3
0.0019375 1.25e-06 0 0 0 0 0 0 8218 655.939 10886.3 8 10951.4
0.00194 1.25e-06 0 0 0 0 0 0 8194 657.534 10884.8 8 9527.49
0.0019425 1.25e-06 0 0 0 0 0 0 8170 659.52 10876.8 8 7503.39
0.001945 1.25e-06 0 0 0 0 0 0 8185 661.212 10873.8 8 11467.7
0.0019475 1.25e-06 0 0 0 0 0 0 8179 662.889 10870.9 8 9629.07
0.00195 1.25e-06 0 0 0 0 0 0 8173 664.888 10862.8 8 7324.48
0.0019525 1.25e-06 0 0 0 0 0 0 8182 666.732 10857.3 8 8497.85
0.001955 1.25e-06 0 0 0 0 0 0 8194 668.357 10855.4 8 10074.7
0.0019575 1.25e-06 0 0 0 0 0 0 8215 670.102 10851.7 8 9987.48
0.00196 1.25e-06 0 0 0 0 0 0 8197 671.469 10854 8 11263.4
0.00196121 1.21212e-06 0 0 0 0 0 0 8188 673.065 10840.4 8 5129.27
0.00196364 1.21212e-06 0 0 0 0 0 0 8185 674.164 10847.1 8 15381
0.00196606 1.21212e-06 0 0 0 0 0 0 8188 675.257 10853.8 8 14304.5
0.00196848 1.21212e-06 0 0 0 0 0 0 8188 676.301 10861.2 8 15853.8
0.00197212 1.21212e-06 0 0 0 0 0 0 8191 677.806 10873.4 8 15757.7
0.00197455 1.21212e-06 0 0 0 0 0 0 8185 678.811 10881.4 8 16576.9
0.00197697 1.21212e-06 0 0 0 0 0 0 8158 679.929 10887.5 8 15825.6
0.00197939 1.21212e-06 0 0 0 0 0 0 8155 680.945 10895.2 8 15526.7
0.00198303 1.21212e-06 0 0 0 0 0 0 8143 682.369 10908.3 8 16599.1
0.00198667 1.21212e-06 0 0 0 0 0 0 8140 683.835 10920.6 8 17408.9
0.0019903 1.21212e-06 0 0 0 0 0 0 8158 685.26 10933.6 8 17881.6
0.00199394 1.21212e-06 0 0 0 0 0 0 8167 686.724 10945.9 8 16784.6
0.00199758 1.21212e-06 0 0 0 0 0 0 8140 688.144 10958.8 8 16802
0.00200121 1.21212e-06 0 0 0 0 0 0 8161 690.576 10955.6 8 5449.47
0.00200364 1.21212e-06 0 0 0 0 0 0 8161 692.069 10955.6 8 13373.2
0.00200606 1.21212e-06 0 0 0 0 0 0 8155 693.844 10951 8 9549.38
0.00200848 1.21212e-06 0 0 0 0 0 0 8158 695.283 10951.8 8 9277.33
0.00201091 1.21212e-06 0 0 0 0 0 0 8152 696.955 10948.9 8 11490.1
0.00201333 1.21212e-06 0 0 0 0 0 0 8143 698.259 10951.8 8 12589.6
0.00201576 1.21212e-06 0 0 0 0 0 0 8152 699.466 10956.3 8 13532
0.00201818 1.21212e-06 0 0 0 0 0 0 8152 700.601 10961.8 8 15258.4
0.00202061 1.21212e-06 0 0 0 0 0 0 8146 701.786 10966.5 8 14622.8
0.00202303 1.21212e-06 0 0 0 0 0 0 8149 702.839 10973.2 8 16129.9
0.00202545 1.21212e-06 0 0 0 0 0 0 8161 704.285 10973.9 8 11415.3
0.00202788 1.21212e-06 0 0 0 0 0 0 8173 706.081 10969.1 8 7779.68
0.0020303 1.21212e-06 0 0 0 0 0 0 8170 707.774 10966 8 9539.96
0.00203273 1.21212e-06 0 0 0 0 0 0 8152 709.358 10964.5 8 8448.75
0.00203515 1.21212e-06 0 0 0 0 0 0 8152 710.964 10962.7 8 9341.98
0.00203758 1.21212e-06 0 0 0 0 0 0 8152 712.5 10961.9 8 9989
0.00204 1.21212e-06 0 0 0 0 0 0 8149 713.798 10964.8 8 12953.8
0.00204125 1.25e-06 0 0 0 0 0 0 8143 715.094 10956.3 8 6282.03
0.00204375 1.25e-06 0 0 0 0 0 0 8131 716.263 10961.1 8 13897.3
0.00204625 1.25e-06 0 0 0 0 0 0 8146 717.823 10960 8 10042.5
0.00204875 1.25e-06 0 0 0 0 0 0 8131 719.605 10955.5 8 8801.3
0.00205125 1.25e-06 0 0 0 0 0 0 8116 721.311 10952.1 8 8393.08
0.00205375 1.25e-06 0 0 0 0 0 0 8095 722.814 10951.7 8 11567.7
0.00205625 1.25e-06 0 0 0 0 0 0 8098 724.305 10951.6 8 10137
0.00205875 1.25e-06 0 0 0 0 0 0 8095 725.978 10948.6 8 9868.98
0.00206125 1.25e-06 0 0 0 0 0 0 8095 727.613 10946.3 8 8817.44
0.0020625 1.25e-06 0 0 0 0 0 0 8095 728.633 10942.1 8 7941.84
0.002065 1.25e-06 0 0 0 0 0 0 8110 730.338 10938.7 8 8817.19
0.0020675 1.25e-06 0 0 0 0 0 0 8119 732.24 10932.5 8 8293.45
0.00207 1.25e-06 0 0 0 0 0 0 8110 733.867 10930.3 8 9844.55
0.0020725 1.25e-06 0 0 0 0 0 0 8107 735.413 10929.4 8 9468
0.002075 1.25e-06 0 0 0 0 0 0 8113 737.512 10920.3 8 7282.95
0.0020775 1.25e-06 0 0 0 0 0 0 8089 739.154 10918 8 10649.7
0.00208 1.25e-06 0 0 0 0 0 0 8077 740.378 10921.8 8 11910.6
0.00208125 1.25e-06 0 0 0 0 0 0 8083 741.796 10911.8 8 5700.42
0.00208375 1.25e-06 0 0 0 0 0 0 8089 742.863 10917.9 8 13591.4
0.002085 1.25e-06 0 0 0 0 0 0 8089 743.905 10913.5 8 7760.18
0.0020875 1.25e-06 0 0 0 0 0 0 8110 745.194 10916.4 8 10981.9
0.00209 1.25e-06 0 0 0 0 0 0 8107 747.005 10911.6 8 7534.3
0.0020925 1.25e-06 0 0 0 0 0 0 8101 748.225 10915.5 8 13523.4
0.002095 1.25e-06 0 0 0 0 0 0 8083 749.671 10916 8 13112.5
0.0020975 1.25e-06 0 0 0 0 0 0 8086 751.192 10915.4 8 8499
0.00209875 1.25e-06 0 0 0 0 0 0 8092 752.205 10911.5 8 7994.4
0.00210125 1.25e-06 0 0 0 0 0 0 8068 753.613 10912.5 8 12397.7
0.0021025 1.25e-06 0 0 0 0 0 0 8065 754.803 10906 8 6780.42
0.002105 1.25e-06 0 0 0 0 0 0 8056 756.663 10900.5 8 8691.33
0.0021075 1.25e-06 0 0 0 0 0 0 8020 758.398 10896.7 8 10675.9
0.00210875 1.25e-06 0 0 0 0 0 0 8011 759.505 10891.4 8 7241.27
0.00211 1.25e-06 0 0 0 0 0 0 8008 760.627 10885.8 8 7134.27
0.00211125 1.25e-06 0 0 0 0 0 0 8002 761.831 10879.1 8 6645.3
0.00211375 1.25e-06 0 0 0 0 0 0 8008 763.899 10870.6 8 6938.24
0.00211625 1.25e-06 0 0 0 0 0 0 8005 765.353 10870.9 8 13578.9
0.00211875 1.25e-06 0 0 0 0 0 0 8008 766.71 10872.6 8 10750.1
0.00212125 1.25e-06 0 0 0 0 0 0 8023 768.739 10864.7 8 6185.89
0.00212375 1.25e-06 0 0 0 0 0 0 8011 770.393 10862.2 8 10683
0.002125 1.25e-06 0 0 0 0 0 0 8008 771.753 10853.4 8 5886.75
0.00212625 1.25e-06 0 0 0 0 0 0 7981 772.944 10847 8 6701.61
0.00212875 1.25e-06 0 0 0 0 0 0 7993 774.852 10841 8 7831.93
0.00213125 1.25e-06 0 0 0 0 0 0 7993 776.581 10837.4 8 9372.42
0.00213365 1.19792e-06 0 0 0 0 0 0 7981 777.931 10839.1 8 12495.9
0.00213604 1.19792e-06 0 0 0 0 0 0 7951 779.348 10839.8 8 10055.7
0.00213844 1.19792e-06 0 0 0 0 0 0 7942 781.44 10831.2 8 6820.49
0.00214083 1.19792e-06 0 0 0 0 0 0 7921 782.997 10829.9 8 9588.9
0.00214323 1.19792e-06 0 0 0 0 0 0 7909 784.901 10823.8 8 8018.68
0.00214563 1.19792e-06 0 0 0 0 0 0 7909 786.266 10825.1 8 11623.9
0.00214802 1.19792e-06 0 0 0 0 0 0 7936 787.664 10826 8 11806
0.00215042 1.19792e-06 0 0 0 0 0 0 7936 788.876 10829.5 8 11594.8
0.00215281 1.19792e-06 0 0 0 0 0 0 7933 790.089 10832.9 8 13266.4
0.00215521 1.19792e-06 0 0 0 0 0 0 7912 791.545 10833 8 9474.05
0.0021576 1.19792e-06 0 0 0 0 0 0 7903 793.095 10831.8 8 13019.6
0.00216 1.19792e-06 0 0 0 0 0 0 7897 794.36 10834.4 8 15444.5
0.00216121 1.21212e-06 0 0 0 0 0 0 7897 795.873 10823.7 8 5220.82
0.00216364 1.21212e-06 0 0 0 0 0 0 7876 797.429 10822.4 8 8877.86
0.00216606 1.21212e-06 0 0 0 0 0 0 7855 798.651 10825.5 8 12591.5
0.00216848 1.21212e-06 0 0 0 0 0 0 7858 799.856 10828.8 8 14618.9
0.00217091 1.21212e-06 0 0 0 0 0 0 7879 801.325 10828.6 8 12533.9
0.00217212 1.21212e-06 0 0 0 0 0 0 7882 802.672 10820.3 8 5852.96
0.00217455 1.21212e-06 0 0 0 0 0 0 7879 804.313 10817.8 8 9462.5
0.00217697 1.21212e-06 0 0 0 0 0 0 7888 806.086 10813.6 8 8543.12
0.00217939 1.21212e-06 0 0 0 0 0 0 7897 807.492 10814.3 8 13536
0.00218182 1.21212e-06 0 0 0 0 0 0 7888 809.231 10810.6 8 7705.79
0.00218424 1.21212e-06 0 0 0 0 0 0 7879 810.911 10807.6 8 9960.41
0.00218667 1.21212e-06 0 0 0 0 0 0 7873 812.812 10801.7 8 8409.66
0.00218909 1.21212e-06 0 0 0 0 0 0 7864 814.353 10800.6 8 10352
0.00219152 1.21212e-06 0 0 0 0 0 0 7855 815.789 10800.8 8 13635.9
0.00219273 1.21212e-06 0 0 0 0 0 0 7858 816.864 10796.2 8 7314.44
0.00219515 1.21212e-06 0 0 0 0 0 0 7858 818.498 10793.9 8 10651.9
0.00219758 1.21212e-06 0 0 0 0 0 0 7837 820.236 10790.1 8 9268.11
0.0022 1.21212e-06 0 0 0 0 0 0 7816 821.623 10791 8 11602.1
0.00220121 1.21212e-06 0 0 0 0 0 0 7822 823.11 10781 8 5259.34
0.00220364 1.21212e-06 0 0 0 0 0 0 7840 824.27 10784.8 8 14227.9
0.00220606 1.21212e-06 0 0 0 0 0 0 7840 825.807 10783.7 8 11654.5
0.00220848 1.21212e-06 0 0 0 0 0 0 7834 827.219 10784.3 8 11267.1
0.00221091 1.21212e-06 0 0 0 0 0 0 7828 828.593 10785.3 8 12933.8
0.00221333 1.21212e-06 0 0 0 0 0 0 7834 830.094 10784.7 8 13224
0.00221455 1.21212e-06 0 0 0 0 0 0 7828 831.112 10780.9 8 7685.04
0.00221697 1.21212e-06 0 0 0 0 0 0 7828 832.755 10778.4 8 11858.5
0.00221818 1.21212e-06 0 0 0 0 0 0 7819 834.001 10771.7 8 6278.58
0.00222061 1.21212e-06 0 0 0 0 0 0 7795 835.61 10769.6 8 8368.58
0.00222303 1.21212e-06 0 0 0 0 0 0 7768 837.046 10769.7 8 11236.5
0.00222424 1.21212e-06 0 0 0 0 0 0 7756 838.092 10765.5 8 7415.06
0.00222667 1.21212e-06 0 0 0 0 0 0 7780 839.537 10765.5 8 9022.53
0.00222909 1.21212e-06 0 0 0 0 0 0 7786 841.198 10762.7 8 9904.6
0.00223152 1.21212e-06 0 0 0 0 0 0 7795 842.41 10765.7 8 12433.1
0.00223394 1.21212e-06 0 0 0 0 0 0 7789 843.663 10768.2 8 12290.3
0.00223636 1.21212e-06 0 0 0 0 0 0 7774 845.345 10765.2 8 10023.1
0.00223879 1.21212e-06 0 0 0 0 0 0 7789 846.948 10763.2 8 8640.44
0.00224121 1.21212e-06 0 0 0 0 0 0 7795 849.232 10752.6 8 5081.37
0.00224242 1.21212e-06 0 0 0 0 0 0 7789 850.24 10749.1 8 7728.59
0.00224485 1.21212e-06 0 0 0 0 0 0 7795 851.775 10748 8 9920.36
0.00224727 1.21212e-06 0 0 0 0 0 0 7783 853.524 10744.2 8 7895.84
0.0022497 1.21212e-06 0 0 0 0 0 0 7780 855.035 10743.4 8 9562.09
0.00225091 1.21212e-06 0 0 0 0 0 0 7768 856.168 10738.3 8 6853.13
0.00225333 1.21212e-06 0 0 0 0 0 0 7738 857.406 10740.8 8 12836.8
0.00225576 1.21212e-06 0 0 0 0 0 0 7732 858.768 10741.8 8 15406.4
0.00225818 1.21212e-06 0 0 0 0 0 0 7720 859.823 10746.6 8 15361.7
0.00226061 1.21212e-06 0 0 0 0 0 0 7714 860.881 10751.3 8 14509.7
0.00226303 1.21212e-06 0 0 0 0 0 0 7708 862.515 10748.8 8 9722.34
0.00226545 1.21212e-06 0 0 0 0 0 0 7693 864.165 10746.1 8 10504.9
0.00226667 1.21212e-06 0 0 0 0 0 0 7690 865.251 10741.5 8 7081.07
0.00226909 1.21212e-06 0 0 0 0 0 0 7678 866.736 10740.8 8 11540.4
0.00227152 1.21212e-06 0 0 0 0 0 0 7636 868.2 10740.3 8 10394.3
0.00227394 1.21212e-06 0 0 0 0 0 0 7642 869.846 10737.6 8 7812.03
0.00227636 1.21212e-06 0 0 0 0 0 0 7627 871.462 10735.1 8 7847.73
0.00227879 1.21212e-06 0 0 0 0 0 0 7636 872.947 10734.4 8 11442.3
0.00228121 1.21212e-06 0 0 0 0 0 0 7630 875.063 10725.9 8 5023.1
0.00228364 1.21212e-06 0 0 0 0 0 0 7615 876.909 10720.7 8 8771.44
0.00228606 1.21212e-06 0 0 0 0 0 0 7609 878.384 10720 8 10728.4
0.00228848 1.21212e-06 0 0 0 0 0 0 7624 879.887 10719 8 12004.5
0.00229091 1.21212e-06 0 0 0 0 0 0 7621 881.176 10720.6 8 11102
0.00229333 1.21212e-06 0 0 0 0 0 0 7618 882.409 10722.9 8 12120.5
0.00229576 1.21212e-06 0 0 0 0 0 0 7618 883.887 10722.3 8 12085
0.00229818 1.21212e-06 0 0 0 0 0 0 7618 885.528 10719.6 8 8206.61
0.00230061 1.21212e-06 0 0 0 0 0 0 7585 887.121 10717.5 8 8802.39
0.00230182 1.21212e-06 0 0 0 0 0 0 7582 888.295 10711.8 8 6456.45
0.00230424 1.21212e-06 0 0 0 0 0 0 7567 889.739 10711.5 8 10986.3
0.00230667 1.21212e-06 0 0 0 0 0 0 7549 890.999 10713.3 8 12542.2
0.00230909 1.21212e-06 0 0 0 0 0 0 7537 892.37 10713.7 8 12079.5
0.00231152 1.21212e-06 0 0 0 0 0 0 7528 894.29 10707.6 8 8100.41
0.00231394 1.21212e-06 0 0 0 0 0 0 7504 895.851 10705.7 8 8672.43
0.00231636 1.21212e-06 0 0 0 0 0 0 7501 897.473 10703 8 10074.9
0.00231879 1.21212e-06 0 0 0 0 0 0 7507 899.059 10700.8 8 7692
0.00232 1.21212e-06 0 0 0 0 0 0 7504 900.198 10695.6 8 6587.91
0.00232125 1.25e-06 0 0 0 0 0 0 7489 901.935 10683.3 8 4310.74
0.00232375 1.25e-06 0 0 0 0 0 0 7486 903.826 10677.5 8 6693.5
0.00232625 1.25e-06 0 0 0 0 0 0 7465 905.532 10673.9 8 8181.97
0.0023275 1.25e-06 0 0 0 0 0 0 7459 906.534 10670.4 8 7441.39
0.00233 1.25e-06 0 0 0 0 0 0 7468 908.175 10667.5 8 8484.83
0.0023325 1.25e-06 0 0 0 0 0 0 7459 909.995 10662.6 8 8872.75
0.002335 1.25e-06 0 0 0 0 0 0 7468 911.385 10662.7 8 9710.08
0.0023375 1.25e-06 0 0 0 0 0 0 7477 912.679 10664 8 9924.84
0.00234 1.25e-06 0 0 0 0 0 0 7477 914.113 10663.6 8 11634.2
0.0023425 1.25e-06 0 0 0 0 0 0 7477 915.537 10663.4 8 9608.17
0.002345 1.25e-06 0 0 0 0 0 0 7489 916.883 10664.1 8 10517.2
0.0023475 1.25e-06 0 0 0 0 0 0 7483 918.301 10663.9 8 9612.82
0.00235 1.25e-06 0 0 0 0 0 0 7462 920.02 10660.2 8 8539.25
0.0023525 1.25e-06 0 0 0 0 0 0 7468 921.472 10659.6 8 9835.66
0.002355 1.25e-06 0 0 0 0 0 0 7420 923.096 10656.9 8 8724.39
0.0023575 1.25e-06 0 0 0 0 0 0 7417 924.801 10653.3 8 8515.98
0.00236 1.25e-06 0 0 0 0 0 0 7414 926.41 10650.8 8 9273.89
0.00236125 1.25e-06 0 0 0 0 0 0 7399 927.902 10641.7 8 4957.43
0.00236383 1.29167e-06 0 0 0 0 0 0 7393 929.442 10640 8 8388.99
0.00236642 1.29167e-06 0 0 0 0 0 0 7360 930.864 10639.6 8 9720.89
0.002369 1.29167e-06 0 0 0 0 0 0 7348 932.25 10639.5 8 10414.9
0.00237029 1.29167e-06 0 0 0 0 0 0 7342 933.276 10635.7 8 7155.25
0.00237288 1.29167e-06 0 0 0 0 0 0 7378 934.897 10633 8 8578.81
0.00237546 1.29167e-06 0 0 0 0 0 0 7351 936.646 10628.9 8 7572.15
0.00237804 1.29167e-06 0 0 0 0 0 0 7321 938.194 10627 8 8935.49
0.00238063 1.29167e-06 0 0 0 0 0 0 7303 939.672 10625.8 8 9245.31
0.00238321 1.29167e-06 0 0 0 0 0 0 7261 940.921 10627.2 8 12696.9
0.00238579 1.29167e-06 0 0 0 0 0 0 7258 942.566 10624.1 8 7578.83
0.00238838 1.29167e-06 0 0 0 0 0 0 7231 944.134 10621.8 8 8447.42
0.00239096 1.29167e-06 0 0 0 0 0 0 7207 945.513 10621.5 8 10200.8
0.00239354 1.29167e-06 0 0 0 0 0 0 7195 947.161 10618.3 8 8591.97
0.00239613 1.29167e-06 0 0 0 0 0 0 7198 948.461 10618.9 8 10418.4
0.00239871 1.29167e-06 0 0 0 0 0 0 7195 949.673 10620.5 8 11128.3
0.00240133 1.33333e-06 0 0 0 0 0 0 7171 951.68 10613.2 8 5138.1
0.002404 1.33333e-06 0 0 0 0 0 0 7132 952.712 10616.6 8 13578.7
0.00240667 1.33333e-06 0 0 0 0 0 0 7123 953.871 10618.7 8 13570
0.00240933 1.33333e-06 0 0 0 0 0 0 7111 955.444 10616.1 8 9814.03
0.002412 1.33333e-06 0 0 0 0 0 0 7105 956.692 10617.1 8 10990.8
0.00241467 1.33333e-06 0 0 0 0 0 0 7078 958.476 10612.1 8 7448.12
0.00241733 1.33333e-06 0 0 0 0 0 0 7069 960.234 10607.4 8 6332.41
0.00242 1.33333e-06 0 0 0 0 0 0 7051 961.783 10605 8 7819.45
0.00242267 1.33333e-06 0 0 0 0 0 0 7060 963.209 10604 8 10516.9
0.00242533 1.33333e-06 0 0 0 0 0 0 7072 964.609 10603.2 8 10589.8
0.002428 1.33333e-06 0 0 0 0 0 0 7081 966.026 10602.3 8 12249.4
0.00243067 1.33333e-06 0 0 0 0 0 0 7063 967.293 10603.1 8 10398.4
0.00243333 1.33333e-06 0 0 0 0 0 0 7057 968.42 10605.3 8 13012.2
0.002436 1.33333e-06 0 0 0 0 0 0 7051 969.783 10605 8 10740.3
0.00243867 1.33333e-06 0 0 0 0 0 0 7051 971.223 10603.8 8 10339.8
0.00244138 1.37931e-06 0 0 0 0 0 0 7048 974.442 10583.2 8 3072.7
0.00244414 1.37931e-06 0 0 0 0 0 0 7030 975.787 10583.1 8 11191.9
0.0024469 1.37931e-06 0 0 0 0 0 0 7012 977.287 10581.2 8 9122.05
0.00244966 1.37931e-06 0 0 0 0 0 0 6991 979.145 10575.4 8 7060.86
0.00245241 1.37931e-06 0 0 0 0 0 0 6985 980.812 10571.6 8 8016.58
0.00245517 1.37931e-06 0 0 0 0 0 0 6976 982.343 10569.4 8 8775.34
0.00245793 1.37931e-06 0 0 0 0 0 0 6982 983.837 10567.5 8 8533.46
0.00246069 1.37931e-06 0 0 0 0 0 0 6970 985.822 10560.4 8 6236.26
0.00246345 1.37931e-06 0 0 0 0 0 0 6991 987.274 10559 8 10444.5
0.00246621 1.37931e-06 0 0 0 0 0 0 6961 988.81 10556.7 8 9583.43
0.00246897 1.37931e-06 0 0 0 0 0 0 6937 990.698 10550.6 8 7253.24
0.00247172 1.37931e-06 0 0 0 0 0 0 6934 992.152 10549.1 8 11835.4
0.00247448 1.37931e-06 0 0 0 0 0 0 6907 993.663 10547 8 9142.99
0.00247724 1.37931e-06 0 0 0 0 0 0 6886 995.088 10545.7 8 11720.1
0.00248 1.37931e-06 0 0 0 0 0 0 6883 996.825 10541.2 8 8376.9
0.00248143 1.42857e-06 0 0 0 0 0 0 6877 998.759 10527.6 8 3555.57
0.00248429 1.42857e-06 0 0 0 0 0 0 6850 1000.61 10521.8 8 7613.31
0.00248714 1.42857e-06 0 0 0 0 0 0 6844 1002.13 10519.6 8 7476.64
0.00249 1.42857e-06 0 0 0 0 0 0 6850 1003.6 10517.8 8 7959.17
0.00249286 1.42857e-06 0 0 0 0 0 0 6829 1005.4 10512.5 8 7202.06
0.00249571 1.42857e-06 0 0 0 0 0 0 6808 1007.08 10508.6 8 9424.95
0.00249857 1.42857e-06 0 0 0 0 0 0 6808 1008.74 10504.8 8 9818.2
0.00250143 1.42857e-06 0 0 0 0 0 0 6793 1010.42 10500.8 8 8645.77
0.00250286 1.42857e-06 0 0 0 0 0 0 6790 1011.52 10496.1 8 6186.71
0.00250571 1.42857e-06 0 0 0 0 0 0 6814 1013.19 10492.2 8 7231.5
0.00250857 1.42857e-06 0 0 0 0 0 0 6796 1014.56 10491.4 8 8165.44
0.00251143 1.42857e-06 0 0 0 0 0 0 6781 1016.24 10487.4 8 7501.07
0.00251286 1.42857e-06 0 0 0 0 0 0 6769 1017.26 10483.6 8 6645.4
0.00251571 1.42857e-06 0 0 0 0 0 0 6763 1018.51 10484 8 10751.7
0.00251714 1.42857e-06 0 0 0 0 0 0 6766 1019.66 10478.8 8 5896.91
0.00252 1.42857e-06 0 0 0 0 0 0 6745 1021.37 10474.5 8 7754.21
0.00252148 1.48148e-06 0 0 0 0 0 0 6727 1022.91 10465.3 8 4351.94
0.00252444 1.48148e-06 0 0 0 0 0 0 6697 1024.27 10464.5 8 9627.87
0.00252741 1.48148e-06 0 0 0 0 0 0 6673 1026.05 10459.4 8 7803.17
0.00253037 1.48148e-06 0 0 0 0 0 0 6622 1027.35 10459.1 8 9971.36
0.00253333 1.48148e-06 0 0 0 0 0 0 6613 1029.14 10453.8 8 6757.54
0.0025363 1.48148e-06 0 0 0 0 0 0 6619 1030.74 10450.4 8 7957.01
0.00253926 1.48148e-06 0 0 0 0 0 0 6640 1032.34 10447 8 9140.49
0.00254222 1.48148e-06 0 0 0 0 0 0 6640 1033.88 10444.2 8 10721.9
0.0025437 1.48148e-06 0 0 0 0 0 0 6637 1035.13 10438 8 5307.3
0.00254667 1.48148e-06 0 0 0 0 0 0 6622 1036.55 10436.5 8 10226.2
0.00254963 1.48148e-06 0 0 0 0 0 0 6637 1038.24 10432.3 8 7651.43
0.00255259 1.48148e-06 0 0 0 0 0 0 6619 1039.81 10429.3 8 7902.92
0.00255556 1.48148e-06 0 0 0 0 0 0 6604 1041.54 10424.7 8 7311.68
0.00255852 1.48148e-06 0 0 0 0 0 0 6607 1043.1 10421.8 8 9188.81
0.00256154 1.53846e-06 0 0 0 0 0 0 6589 1045.97 10405.7 8 3437.91
0.00256462 1.53846e-06 0 0 0 0 0 0 6577 1047.74 10400.7 8 6661.06
0.00256769 1.53846e-06 0 0 0 0 0 0 6559 1048.85 10402.2 8 11867.9
0.00257077 1.53846e-06 0 0 0 0 0 0 6571 1050.05 10402.9 8 12105
0.00257385 1.53846e-06 0 0 0 0 0 0 6574 1051.23 10403.7 8 11421.2
0.00257692 1.53846e-06 0 0 0 0 0 0 6547 1052.33 10405.2 8 11313.2
0.00258154 1.53846e-06 0 0 0 0 0 0 6520 1053.8 10409.4 8 12354.5
0.00258462 1.53846e-06 0 0 0 0 0 0 6493 1055.21 10407.8 8 8947.9
0.00258769 1.53846e-06 0 0 0 0 0 0 6508 1056.34 10408.9 8 14974.4
0.00259077 1.53846e-06 0 0 0 0 0 0 6496 1057.34 10411.3 8 16553
0.00259538 1.53846e-06 0 0 0 0 0 0 6523 1058.65 10416.9 8 15502.1
0.00259846 1.53846e-06 0 0 0 0 0 0 6532 1059.67 10419.2 8 13493.3
0.0026016 1.6e-06 0 0 0 0 0 0 6520 1061.66 10412 8 4599.44
0.0026064 1.6e-06 0 0 0 0 0 0 6523 1063.04 10416.9 8 13547.6
0.0026112 1.6e-06 0 0 0 0 0 0 6523 1064.85 10417.6 8 6985.52
0.0026144 1.6e-06 0 0 0 0 0 0 6532 1066.42 10414.5 8 10806.6
0.0026176 1.6e-06 0 0 0 0 0 0 6520 1067.87 10412.5 8 10015.7
0.0026208 1.6e-06 0 0 0 0 0 0 6514 1069.14 10412.4 8 7621.32
0.002624 1.6e-06 0 0 0 0 0 0 6511 1070.5 10411.3 8 9425.11
0.0026272 1.6e-06 0 0 0 0 0 0 6469 1071.81 10410.7 8 9176.02
0.0026304 1.6e-06 0 0 0 0 0 0 6439 1073.03 10410.9 8 11754.8
0.0026336 1.6e-06 0 0 0 0 0 0 6439 1074.22 10411.3 8 9362.21
0.0026352 1.6e-06 0 0 0 0 0 0 6421 1075.51 10404.8 8 4965.14
0.0026384 1.6e-06 0 0 0 0 0 0 6415 1076.58 10406.4 8 11177.7
0.0026416 1.6e-06 0 0 0 0 0 0 6394 1078.92 10395.7 8 3827.26
0.0026448 1.6e-06 0 0 0 0 0 0 6406 1080.16 10395.6 8 10139.7
0.002648 1.6e-06 0 0 0 0 0 0 6400 1081.17 10397.8 8 17603.9
0.0026528 1.6e-06 0 0 0 0 0 0 6388 1082.35 10404.1 8 19331.5
0.0026576 1.6e-06 0 0 0 0 0 0 6382 1083.37 10412 8 18565.4
0.0026624 1.6e-06 0 0 0 0 0 0 6367 1084.39 10419.8 8 18856.4
0.0026672 1.6e-06 0 0 0 0 0 0 6358 1085.51 10426.7 8 18059.2
0.0026704 1.6e-06 0 0 0 0 0 0 6352 1086.65 10427.4 8 8377.84
0.0026736 1.6e-06 0 0 0 0 0 0 6337 1087.77 10428.3 8 11674.7
0.0026784 1.6e-06 0 0 0 0 0 0 6307 1089.11 10432.9 8 9466.63
0.00268167 1.66667e-06 0 0 0 0 0 0 6289 1090.76 10428.6 8 5221.6
0.00268667 1.66667e-06 0 0 0 0 0 0 6292 1092.22 10432.1 8 9857.56
0.00269167 1.66667e-06 0 0 0 0 0 0 6262 1093.7 10435.1 8 11353.2
0.002695 1.66667e-06 0 0 0 0 0 0 6259 1094.81 10436 8 12663.5
0.00269833 1.66667e-06 0 0 0 0 0 0 6253 1096.37 10432.5 8 9130.28
0.00270167 1.66667e-06 0 0 0 0 0 0 6244 1097.54 10432.8 8 14306.5
0.002705 1.66667e-06 0 0 0 0 0 0 6256 1098.56 10434.5 8 11863.6
0.00271 1.66667e-06 0 0 0 0 0 0 6241 1099.67 10441 8 18271.4
0.002715 1.66667e-06 0 0 0 0 0 0 6211 1100.79 10447.3 8 15480.1
0.00272 1.66667e-06 0 0 0 0 0 0 6199 1102.19 10450.9 8 13398
0.00272174 1.73913e-06 0 0 0 0 0 0 6175 1103.36 10445.4 8 5257.74
0.00272696 1.73913e-06 0 0 0 0 0 0 6142 1104.49 10451.5 8 18623.6
0.00273217 1.73913e-06 0 0 0 0 0 0 6127 1105.68 10456.8 8 15597.4
0.00273739 1.73913e-06 0 0 0 0 0 0 6124 1106.75 10463.3 8 18223.4
0.00274261 1.73913e-06 0 0 0 0 0 0 6088 1107.83 10469.7 8 16102.7
0.00274783 1.73913e-06 0 0 0 0 0 0 6094 1109.03 10474.7 8 17871.5
0.00275304 1.73913e-06 0 0 0 0 0 0 6040 1110.08 10481.2 8 18691.4
0.00275826 1.73913e-06 0 0 0 0 0 0 6019 1111.16 10487.3 8 17322.5
0.00276174 1.73913e-06 0 0 0 0 0 0 6001 1112.74 10483.3 8 5163.74
0.00276696 1.73913e-06 0 0 0 0 0 0 5974 1113.77 10489.7 8 17336.6
0.00277217 1.73913e-06 0 0 0 0 0 0 5950 1114.88 10495.3 8 14865.2
0.00277739 1.73913e-06 0 0 0 0 0 0 5917 1116.05 10500.2 8 15744.3
0.00278261 1.73913e-06 0 0 0 0 0 0 5896 1117.24 10504.9 8 14021.2
0.00278783 1.73913e-06 0 0 0 0 0 0 5866 1118.36 10510.1 8 15213.6
0.00279304 1.73913e-06 0 0 0 0 0 0 5848 1119.58 10514.4 8 13159.2
0.00279826 1.73913e-06 0 0 0 0 0 0 5827 1120.78 10518.7 8 14428.3
0.00280182 1.81818e-06 0 0 0 0 0 0 5821 1122.37 10514.2 8 4723.45
0.00280727 1.81818e-06 0 0 0 0 0 0 5779 1123.58 10518.3 8 14426.9
0.00281455 1.81818e-06 0 0 0 0 0 0 5746 1124.9 10526.4 8 17715.8
0.00282 1.81818e-06 0 0 0 0 0 0 5743 1126 10531.4 8 16568
0.00282545 1.81818e-06 0 0 0 0 0 0 5719 1127.04 10537 8 16788.2
0.00283091 1.81818e-06 0 0 0 0 0 0 5692 1128.05 10542.7 8 17302.6
0.00283636 1.81818e-06 0 0 0 0 0 0 5641 1129.16 10547.4 8 14473
0.00284182 1.81818e-06 0 0 0 0 0 0 5620 1131.15 10543.7 8 4669.27
0.00284545 1.81818e-06 0 0 0 0 0 0 5623 1132.27 10543.2 8 7131.83
0.00284909 1.81818e-06 0 0 0 0 0 0 5617 1133.42 10542.4 8 9793.68
0.00285455 1.81818e-06 0 0 0 0 0 0 5608 1135.02 10542.4 8 8978.93
0.00286 1.81818e-06 0 0 0 0 0 0 5599 1136.32 10545.1 8 14698.7
0.00286545 1.81818e-06 0 0 0 0 0 0 5563 1137.69 10547.1 8 10826.6
0.00286909 1.81818e-06 0 0 0 0 0 0 5539 1138.8 10546.6 8 11666.3
0.00287455 1.81818e-06 0 0 0 0 0 0 5485 1140.06 10549.5 8 16006.1
0.0028819 1.90476e-06 0 0 0 0 0 0 5500 1142.2 10548.9 8 4738.49
0.00288952 1.90476e-06 0 0 0 0 0 0 5491 1143.5 10556.1 8 15746.1
0.00289714 1.90476e-06 0 0 0 0 0 0 5470 1144.84 10562.9 8 16239.8
0.00290286 1.90476e-06 0 0 0 0 0 0 5416 1145.85 10567.8 8 14942
0.00291048 1.90476e-06 0 0 0 0 0 0 5395 1147.1 10575.1 8 17460.1
0.0029181 1.90476e-06 0 0 0 0 0 0 5365 1148.38 10582 8 17159.2
0.0029219 1.90476e-06 0 0 0 0 0 0 5353 1149.87 10577.7 8 4586.05
0.00292952 1.90476e-06 0 0 0 0 0 0 5314 1151.18 10584.1 8 16509.6
0.00293524 1.90476e-06 0 0 0 0 0 0 5323 1152.27 10587.9 8 13984.6
0.00294095 1.90476e-06 0 0 0 0 0 0 5320 1153.49 10590.6 8 13754.6
0.00294857 1.90476e-06 0 0 0 0 0 0 5311 1154.75 10597.4 8 17111.6
0.00295429 1.90476e-06 0 0 0 0 0 0 5299 1156.08 10599.1 8 14377.3
0.00296 1.90476e-06 0 0 0 0 0 0 5287 1157.29 10601.6 8 13576.6
0.002962 2e-06 0 0 0 0 0 0 5284 1158.48 10595.3 8 4447.31
0.002968 2e-06 0 0 0 0 0 0 5251 1159.6 10598.7 8 13926.1
0.002974 2e-06 0 0 0 0 0 0 5251 1160.74 10601.9 8 14615.3
0.00298 2e-06 0 0 0 0 0 0 5251 1161.8 10605.8 8 15357.3
0.002986 2e-06 0 0 0 0 0 0 5239 1162.82 10610 8 15910.8
0.002992 2e-06 0 0 0 0 0 0 5197 1163.95 10613.2 8 15394
0.002998 2e-06 0 0 0 0 0 0 5212 1164.98 10617.2 8 14989.5
0.003002 2e-06 0 0 0 0 0 0 5221 1166.92 10608.5 8 3545.85
0.003008 2e-06 0 0 0 0 0 0 5218 1168.09 10611.3 8 16430.5
0.003016 2e-06 0 0 0 0 0 0 5212 1169.38 10617.3 8 15203.3
0.003022 2e-06 0 0 0 0 0 0 5206 1170.4 10621.5 8 16209
0.00303 2e-06 0 0 0 0 0 0 5182 1171.74 10627.1 8 14578.5
0.003036 2e-06 0 0 0 0 0 0 5167 1172.89 10629.9 8 12601
0.00304211 2.10526e-06 0 0 0 0 0 0 5176 1174.94 10624.5 8 4030.61
0.00304842 2.10526e-06 0 0 0 0 0 0 5143 1176.2 10626.3 8 14556.5
0.00305474 2.10526e-06 0 0 0 0 0 0 5152 1177.27 10629.8 8 15476.8
0.00306316 2.10526e-06 0 0 0 0 0 0 5146 1178.57 10635.5 8 15112.8
0.00306947 2.10526e-06 0 0 0 0 0 0 5134 1179.63 10639 8 14876.8
0.00307579 2.10526e-06 0 0 0 0 0 0 5134 1180.79 10641.6 8 14344
0.00308211 2.10526e-06 0 0 0 0 0 0 5116 1182.61 10638.2 8 4415.58
0.00308842 2.10526e-06 0 0 0 0 0 0 5110 1183.74 10641 8 16027.7
0.00309474 2.10526e-06 0 0 0 0 0 0 5101 1184.77 10644.7 8 16007.8
0.00310105 2.10526e-06 0 0 0 0 0 0 5113 1185.9 10647.5 8 12697.8
0.00310947 2.10526e-06 0 0 0 0 0 0 5107 1187.2 10653 8 16777.5
0.00311579 2.10526e-06 0 0 0 0 0 0 5089 1188.32 10655.8 8 15022.5
0.00312222 2.22222e-06 0 0 0 0 0 0 5089 1190.16 10652.1 8 4339.2
0.00313111 2.22222e-06 0 0 0 0 0 0 5110 1191.47 10657.5 8 16199.4
0.00314 2.22222e-06 0 0 0 0 0 0 5092 1192.74 10663.3 8 16393.5
0.00314667 2.22222e-06 0 0 0 0 0 0 5074 1193.82 10666.4 8 13864.2
0.00315333 2.22222e-06 0 0 0 0 0 0 5083 1194.95 10669.1 8 12492.9
0.00316 2.22222e-06 0 0 0 0 0 0 5068 1196.02 10672.3 8 14457.2
0.00316222 2.22222e-06 0 0 0 0 0 0 5053 1197.18 10666.1 8 4340.77
0.00316905 2.38095e-06 0 0 0 0 0 0 5056 1198.32 10668.7 8 14785.2
0.00317619 2.38095e-06 0 0 0 0 0 0 5065 1199.42 10671.5 8 13069.9
0.00318333 2.38095e-06 0 0 0 0 0 0 5059 1201.13 10669 8 5302.53
0.00319048 2.38095e-06 0 0 0 0 0 0 5077 1202.28 10671.4 8 11800.7
0.0032 2.38095e-06 0 0 0 0 0 0 5059 1203.63 10676.3 8 13870.6
0.0032025 2.5e-06 0 0 0 0 0 0 5083 1204.85 10669.7 8 4166.17
0.00321 2.5e-06 0 0 0 0 0 0 5083 1206.01 10672.1 8 12848.4
0.0032175 2.5e-06 0 0 0 0 0 0 5074 1207.68 10669.9 8 5699.29
0.0032275 2.5e-06 0 0 0 0 0 0 5050 1208.94 10675.6 8 16423.3
0.0032375 2.5e-06 0 0 0 0 0 0 5041 1210.21 10681 8 16249.3
0.0032425 2.5e-06 0 0 0 0 0 0 5029 1211.68 10676.3 8 4318.07
0.0032525 2.5e-06 0 0 0 0 0 0 5038 1212.94 10681.9 8 16266.2
0.0032625 2.5e-06 0 0 0 0 0 0 5023 1214.18 10687.5 8 16369.5
0.0032725 2.5e-06 0 0 0 0 0 0 5029 1215.41 10693.2 8 16148.6
0.00328 2.5e-06 0 0 0 0 0 0 5026 1216.71 10694.3 8 14530.6
0.0032825 2.5e-06 0 0 0 0 0 0 5035 1217.87 10688.1 8 4315.77
0.00329 2.5e-06 0 0 0 0 0 0 5038 1218.89 10691.6 8 15064
0.003295 2.5e-06 0 0 0 0 0 0 5017 1219.95 10690.6 8 8947.15
0.003305 2.5e-06 0 0 0 0 0 0 5005 1221.27 10695.5 8 14343.2
0.0033125 2.5e-06 0 0 0 0 0 0 5023 1222.33 10698.5 8 14903
0.00332 2.5e-06 0 0 0 0 0 0 4996 1223.36 10701.8 8 15347.9
0.0033225 2.5e-06 0 0 0 0 0 0 4990 1224.89 10692.4 8 3255.61
0.0033275 2.5e-06 0 0 0 0 0 0 5017 1225.99 10691.1 8 14897
0.0033375 2.5e-06 0 0 0 0 0 0 4996 1227.25 10696.3 8 16377.2
0.0033475 2.5e-06 0 0 0 0 0 0 4984 1228.49 10701.9 8 16311.5
0.0033575 2.5e-06 0 0 0 0 0 0 4981 1229.75 10707.1 8 16246.6
0.0033625 2.5e-06 0 0 0 0 0 0 4969 1231.22 10702.4 8 4305.38
0.00337 2.5e-06 0 0 0 0 0 0 4957 1232.54 10703 8 14029.8
0.0033775 2.5e-06 0 0 0 0 0 0 4936 1233.57 10706.1 8 13290.8
0.003385 2.5e-06 0 0 0 0 0 0 4921 1235.09 10704.9 8 6250.85
0.00339 2.5e-06 0 0 0 0 0 0 4906 1236.35 10702 8 8221.96
0.0033975 2.5e-06 0 0 0 0 0 0 4915 1237.43 10704.5 8 13784.4
0.0034025 2.5e-06 0 0 0 0 0 0 4903 1239.06 10698.4 8 3882.28
0.00341 2.5e-06 0 0 0 0 0 0 4894 1240.16 10700.7 8 13057.5
0.003415 2.5e-06 0 0 0 0 0 0 4861 1241.41 10697.8 8 5795.56
0.00342 2.5e-06 0 0 0 0 0 0 4876 1242.82 10693.5 8 5625.93
0.003425 2.5e-06 0 0 0 0 0 0 4885 1244.16 10689.8 8 8310.79
0.00343 2.5e-06 0 0 0 0 0 0 4858 1245.81 10683.5 8 4686.3
0.0034375 2.5e-06 0 0 0 0 0 0 4822 1246.94 10685.4 8 10376.1
0.0034425 2.5e-06 0 0 0 0 0 0 4816 1248.78 10677.4 8 3984.43
0.00345 2.5e-06 0 0 0 0 0 0 4804 1250.01 10678.4 8 11228.9
0.0034575 2.5e-06 0 0 0 0 0 0 4801 1251.12 10680.5 8 13634.2
0.0034675 2.5e-06 0 0 0 0 0 0 4798 1252.47 10684.3 8 12876.8
0.003475 2.5e-06 0 0 0 0 0 0 4777 1254.21 10680.9 8 4393.23
0.0034825 2.5e-06 0 0 0 0 0 0 4771 1256.26 10674.9 8 3430.85
0.00349 2.5e-06 0 0 0 0 0 0 4768 1257.56 10675.2 8 7164.16
0.0034975 2.5e-06 0 0 0 0 0 0 4756 1259.1 10673.5 8 7228.96
0.003505 2.5e-06 0 0 0 0 0 0 4750 1260.17 10675.7 8 14662.6
0.003515 2.5e-06 0 0 0 0 0 0 4717 1261.49 10679.6 8 13130.8
0.0035225 2.5e-06 0 0 0 0 0 0 4711 1263.36 10674.9 8 3955.71
0.00353 2.5e-06 0 0 0 0 0 0 4717 1264.52 10676.4 8 14257.2
0.00354 2.5e-06 0 0 0 0 0 0 4705 1265.79 10680.5 8 14182.1
0.0035475 2.5e-06 0 0 0 0 0 0 4708 1266.89 10682.4 8 11178
0.003555 2.5e-06 0 0 0 0 0 0 4660 1268 10684.2 8 12330.6
0.00356 2.5e-06 0 0 0 0 0 0 4648 1269.34 10680.1 8 4723.1
0.0035625 2.5e-06 0 0 0 0 0 0 4645 1271.13 10668.8 8 2607.76
0.003565 2.5e-06 0 0 0 0 0 0 4648 1272.29 10662.7 8 3978.61
0.00357 2.5e-06 0 0 0 0 0 0 4642 1273.81 10657.3 8 7968.76
0.0035775 2.5e-06 0 0 0 0 0 0 4645 1274.96 10658.6 8 9040.98
0.003585 2.5e-06 0 0 0 0 0 0 4627 1276.12 10659.8 8 14146.7
0.0035925 2.5e-06 0 0 0 0 0 0 4582 1277.22 10661.4 8 9581.93
0.0036 2.5e-06 0 0 0 0 0 0 4573 1278.58 10660.8 8 10633.5
0.0036025 2.5e-06 0 0 0 0 0 0 4552 1279.87 10653.6 8 3526.47
0.00361 2.5e-06 0 0 0 0 0 0 4528 1281.26 10652.7 8 10646
0.0036175 2.5e-06 0 0 0 0 0 0 4501 1282.59 10652.2 8 10509.4
0.003625 2.5e-06 0 0 0 0 0 0 4480 1283.7 10653.5 8 12025.7
0.0036325 2.5e-06 0 0 0 0 0 0 4480 1284.93 10653.7 8 11627.3
0.00364 2.5e-06 0 0 0 0 0 0 4471 1286.54 10650.8 8 7094.22
0.00364267 2.66667e-06 0 0 0 0 0 0 4465 1288.33 10639.5 8 2491.08
0.00364533 2.66667e-06 0 0 0 0 0 0 4453 1289.42 10633.9 8 4084.94
0.00365067 2.66667e-06 0 0 0 0 0 0 4444 1290.71 10630.2 8 7900.25
0.003656 2.66667e-06 0 0 0 0 0 0 4426 1292.14 10625.3 8 8266.79
0.003664 2.66667e-06 0 0 0 0 0 0 4441 1293.6 10623.6 8 9768.17
0.003672 2.66667e-06 0 0 0 0 0 0 4426 1294.87 10623.5 8 10937.1
0.00368 2.66667e-06 0 0 0 0 0 0 4420 1296.16 10623.1 8 10768.9
0.00368267 2.66667e-06 0 0 0 0 0 0 4405 1297.55 10615.1 8 3148.15
0.00369067 2.66667e-06 0 0 0 0 0 0 4405 1298.91 10614.2 8 9405.54
0.00369867 2.66667e-06 0 0 0 0 0 0 4369 1300.18 10614 8 10718.4
0.00370667 2.66667e-06 0 0 0 0 0 0 4366 1301.49 10613.3 8 10254.1
0.00371467 2.66667e-06 0 0 0 0 0 0 4390 1302.71 10613.5 8 12178.5
0.00372267 2.66667e-06 0 0 0 0 0 0 4366 1304.72 10607.2 8 3490.61
0.00373067 2.66667e-06 0 0 0 0 0 0 4369 1305.92 10607.4 8 10974.4
0.00373867 2.66667e-06 0 0 0 0 0 0 4357 1307.19 10607.1 8 10696.8
0.00374667 2.66667e-06 0 0 0 0 0 0 4324 1308.62 10605.5 8 8560.61
0.00375467 2.66667e-06 0 0 0 0 0 0 4324 1309.83 10605.6 8 10360.4
0.00376267 2.66667e-06 0 0 0 0 0 0 4312 1311.95 10598.3 8 3474.33
0.00377067 2.66667e-06 0 0 0 0 0 0 4285 1313.33 10597 8 8582.31
0.00377867 2.66667e-06 0 0 0 0 0 0 4261 1314.43 10597.9 8 12415.9
0.00378667 2.66667e-06 0 0 0 0 0 0 4249 1315.6 10598.1 8 9578.19
0.00379467 2.66667e-06 0 0 0 0 0 0 4249 1316.81 10598.1 8 10695.4
0.00380267 2.66667e-06 0 0 0 0 0 0 4246 1319.3 10587.7 8 2740.07
0.003808 2.66667e-06 0 0 0 0 0 0 4249 1321.25 10578.6 8 3892.98
0.00381333 2.66667e-06 0 0 0 0 0 0 4249 1322.37 10576.1 8 7087.09
0.00381867 2.66667e-06 0 0 0 0 0 0 4243 1323.48 10573.6 8 8342.69
0.00382667 2.66667e-06 0 0 0 0 0 0 4246 1324.82 10572.5 8 9830.66
0.00383467 2.66667e-06 0 0 0 0 0 0 4255 1326.19 10571.2 8 10190.3
0.00384267 2.66667e-06 0 0 0 0 0 0 4255 1328.49 10562.5 8 2924.75
0.00385067 2.66667e-06 0 0 0 0 0 0 4258 1329.95 10560.5 8 8698.26
0.00385867 2.66667e-06 0 0 0 0 0 0 4255 1331.2 10560.2 8 11624.3
0.00386667 2.66667e-06 0 0 0 0 0 0 4267 1332.35 10560.6 8 10675.6
0.00387467 2.66667e-06 0 0 0 0 0 0 4261 1333.67 10559.8 8 9180.82
0.0038825 2.5e-06 0 0 0 0 0 0 4264 1335.83 10552.3 8 3388.74
0.00389 2.5e-06 0 0 0 0 0 0 4249 1337.13 10551.6 8 8938.08
0.003895 2.5e-06 0 0 0 0 0 0 4255 1338.13 10550 8 7943.04
0.0039 2.5e-06 0 0 0 0 0 0 4270 1339.21 10547.9 8 9578.44
0.003905 2.5e-06 0 0 0 0 0 0 4270 1340.27 10545.9 8 7730.17
0.0039125 2.5e-06 0 0 0 0 0 0 4291 1341.45 10546.3 8 10782
0.00392 2.5e-06 0 0 0 0 0 0 4291 1342.59 10546.8 8 12167.8
0.0039225 2.5e-06 0 0 0 0 0 0 4285 1343.84 10540.3 8 3450.21
0.00393 2.5e-06 0 0 0 0 0 0 4312 1345.03 10540.5 8 11680.3
0.0039375 2.5e-06 0 0 0 0 0 0 4327 1346.16 10541.3 8 10489
0.003945 2.5e-06 0 0 0 0 0 0 4294 1347.29 10542 8 10328.6
0.0039525 2.5e-06 0 0 0 0 0 0 4270 1348.72 10540.4 8 8841.46
0.00396 2.5e-06 0 0 0 0 0 0 4270 1350.06 10539.4 8 10273.6
0.0039625 2.5e-06 0 0 0 0 0 0 4273 1351.54 10531 8 2884.09
0.00397 2.5e-06 0 0 0 0 0 0 4291 1352.99 10529.3 8 9003.13
0.0039775 2.5e-06 0 0 0 0 0 0 4300 1354.28 10528.7 8 9212.42
0.003985 2.5e-06 0 0 0 0 0 0 4288 1355.62 10527.8 8 9533.7
0.0039925 2.5e-06 0 0 0 0 0 0 4294 1356.77 10528.4 8 11551.8
0.004 2.5e-06 0 0 0 0 0 0 4273 1358.1 10527.5 8 8275.19
0.0040025 2.5e-06 0 0 0 0 0 0 4291 1359.72 10518.1 8 2646.41
0.00401 2.5e-06 0 0 0 0 0 0 4306 1360.96 10518 8 10941
0.0040175 2.5e-06 0 0 0 0 0 0 4300 1362.13 10518.5 8 10389.2
0.004025 2.5e-06 0 0 0 0 0 0 4330 1363.38 10518.4 8 11062.1
0.0040325 2.5e-06 0 0 0 0 0 0 4357 1364.62 10518.3 8 10427.5
0.00403813 1.875e-06 0 0 0 0 0 0 4339 1365.82 10518.6 8 10754.9
0.00404235 2.35294e-06 0 0 0 0 0 0 4348 1367.53 10511.8 8 3277.4
0.00404941 2.35294e-06 0 0 0 0 0 0 4342 1368.87 10511.1 8 9615.73
0.00405647 2.35294e-06 0 0 0 0 0 0 4339 1370.2 10510.4 8 10080
0.00406353 2.35294e-06 0 0 0 0 0 0 4336 1371.62 10509 8 9514.68
0.00407059 2.35294e-06 0 0 0 0 0 0 4333 1372.79 10509.5 8 11701.2
0.00407765 2.35294e-06 0 0 0 0 0 0 4324 1374.02 10509.6 8 9152.52
0.0040825 2.5e-06 0 0 0 0 0 0 4333 1375.71 10502.9 8 3320.58
0.00409 2.5e-06 0 0 0 0 0 0 4342 1376.93 10503.1 8 10499.8
0.0040975 2.5e-06 0 0 0 0 0 0 4360 1378.31 10502.1 8 7917.27
0.0041025 2.5e-06 0 0 0 0 0 0 4354 1379.35 10500.4 8 7600.71
0.0041075 2.5e-06 0 0 0 0 0 0 4360 1380.71 10496.4 8 8266.16
0.0041125 2.5e-06 0 0 0 0 0 0 4348 1382.07 10492.4 8 7938
0.0041175 2.5e-06 0 0 0 0 0 0 4333 1383.48 10488 8 4661.64
0.0041225 2.5e-06 0 0 0 0 0 0 4333 1385.63 10477.9 8 2989.49
0.0041275 2.5e-06 0 0 0 0 0 0 4324 1387.36 10471.1 8 5755.79
0.0041325 2.5e-06 0 0 0 0 0 0 4315 1388.95 10465.4 8 4996.68
0.0041375 2.5e-06 0 0 0 0 0 0 4312 1389.96 10464 8 8445.99
0.004145 2.5e-06 0 0 0 0 0 0 4315 1391.35 10462.8 8 9962.46
0.00415 2.5e-06 0 0 0 0 0 0 4315 1392.36 10461.4 8 8477.57
0.0041575 2.5e-06 0 0 0 0 0 0 4321 1393.76 10460.2 8 8165.08
0.00416267 2.66667e-06 0 0 0 0 0 0 4318 1395.6 10452.6 8 3061.05
0.00417067 2.66667e-06 0 0 0 0 0 0 4291 1396.85 10452.4 8 11110.4
0.00417867 2.66667e-06 0 0 0 0 0 0 4285 1398.35 10450.4 8 7115.54
0.00418667 2.66667e-06 0 0 0 0 0 0 4288 1399.75 10449.2 8 9147.11
0.00419467 2.66667e-06 0 0 0 0 0 0 4315 1401.06 10448.6 8 11769.5
0.00420267 2.66667e-06 0 0 0 0 0 0 4312 1403.18 10442 8 3372.49
0.00421067 2.66667e-06 0 0 0 0 0 0 4306 1404.47 10441.7 8 9472.13
0.00421867 2.66667e-06 0 0 0 0 0 0 4309 1405.78 10441.1 8 10624.5
0.00422667 2.66667e-06 0 0 0 0 0 0 4309 1406.98 10441.4 8 10508.9
0.00423467 2.66667e-06 0 0 0 0 0 0 4318 1408.47 10439.5 8 7005.28
0.00424267 2.66667e-06 0 0 0 0 0 0 4327 1410.69 10432.3 8 3256.44
0.00425067 2.66667e-06 0 0 0 0 0 0 4312 1412.06 10431.3 8 9144.74
0.00425867 2.66667e-06 0 0 0 0 0 0 4315 1413.3 10431.3 8 10715.9
0.00426667 2.66667e-06 0 0 0 0 0 0 4291 1414.61 10430.8 8 9683.69
0.00427467 2.66667e-06 0 0 0 0 0 0 4321 1415.9 10430.4 8 10037.7
0.00428267 2.66667e-06 0 0 0 0 0 0 4321 1418.18 10422.8 8 3291.68
0.00429067 2.66667e-06 0 0 0 0 0 0 4321 1419.61 10421.4 8 8935.01
0.00429867 2.66667e-06 0 0 0 0 0 0 4318 1420.88 10421.2 8 10354.4
0.00430667 2.66667e-06 0 0 0 0 0 0 4315 1422.25 10420.3 8 9574.44
0.00431467 2.66667e-06 0 0 0 0 0 0 4306 1423.52 10420.1 8 9957.66
0.00432267 2.66667e-06 0 0 0 0 0 0 4321 1425.72 10413.1 8 3234.06
0.00433067 2.66667e-06 0 0 0 0 0 0 4285 1427 10412.7 8 10755.9
0.00433867 2.66667e-06 0 0 0 0 0 0 4279 1428.34 10412 8 7556.65
0.004344 2.66667e-06 0 0 0 0 0 0 4288 1429.43 10410.1 8 7549.55
0.004352 2.66667e-06 0 0 0 0 0 0 4285 1430.75 10409.4 8 10621.8
0.00436 2.66667e-06 0 0 0 0 0 0 4282 1432.05 10408.9 8 9821.19
0.00436267 2.66667e-06 0 0 0 0 0 0 4282 1433.4 10402.1 8 3174.81
0.00437067 2.66667e-06 0 0 0 0 0 0 4288 1434.61 10402.3 8 11490.4
0.00437867 2.66667e-06 0 0 0 0 0 0 4267 1435.82 10402.5 8 9867.95
0.00438667 2.66667e-06 0 0 0 0 0 0 4258 1437.03 10402.7 8 10200.8
0.00439467 2.66667e-06 0 0 0 0 0 0 4231 1438.21 10402.9 8 9739.22
0.0044 2.66667e-06 0 0 0 0 0 0 4222 1439.59 10398.8 8 4917.56
0.00440267 2.66667e-06 0 0 0 0 0 0 4207 1441.11 10390.8 8 2774.97
0.004408 2.66667e-06 0 0 0 0 0 0 4216 1442.63 10385.7 8 5994.15
0.00441333 2.66667e-06 0 0 0 0 0 0 4216 1444.11 10380.9 8 6072.71
0.00441867 2.66667e-06 0 0 0 0 0 0 4249 1445.29 10378.2 8 8314.99
0.00442667 2.66667e-06 0 0 0 0 0 0 4270 1446.75 10376.6 8 8470.58
0.00443467 2.66667e-06 0 0 0 0 0 0 4261 1448.16 10375.4 8 8584.27
0.00444 2.66667e-06 0 0 0 0 0 0 4240 1449.17 10374 8 8194.04
0.00444267 2.66667e-06 0 0 0 0 0 0 4228 1450.54 10367.1 8 3082.4
0.00445067 2.66667e-06 0 0 0 0 0 0 4231 1451.8 10366.8 8 11256.1
0.00445867 2.66667e-06 0 0 0 0 0 0 4231 1453.06 10366.6 8 9855.79
0.00446667 2.66667e-06 0 0 0 0 0 0 4231 1454.31 10366.4 8 10375.3
0.00447467 2.66667e-06 0 0 0 0 0 0 4207 1455.49 10366.7 8 10091.4
0.00448267 2.66667e-06 0 0 0 0 0 0 4198 1457.59 10360.4 8 3267.95
0.00449067 2.66667e-06 0 0 0 0 0 0 4204 1458.89 10359.9 8 9403.28
0.00449867 2.66667e-06 0 0 0 0 0 0 4168 1460.31 10358.4 8 9616.98
0.00450667 2.66667e-06 0 0 0 0 0 0 4162 1461.63 10357.5 8 8586.75
0.00451467 2.66667e-06 0 0 0 0 0 0 4171 1462.97 10356.6 8 10171.6
0.00452267 2.66667e-06 0 0 0 0 0 0 4168 1464.96 10351 8 3389.92
0.00453067 2.66667e-06 0 0 0 0 0 0 4177 1466.12 10351.4 8 11466.1
0.00453867 2.66667e-06 0 0 0 0 0 0 4177 1467.3 10351.6 8 10487.3
0.00454667 2.66667e-06 0 0 0 0 0 0 4180 1468.47 10351.9 8 10092
0.00455467 2.66667e-06 0 0 0 0 0 0 4168 1469.78 10351.2 8 9998.2
0.00456267 2.66667e-06 0 0 0 0 0 0 4171 1471.96 10344.3 8 3206.56
0.00457067 2.66667e-06 0 0 0 0 0 0 4168 1473.6 10341.4 8 6148.35
0.004576 2.66667e-06 0 0 0 0 0 0 4183 1475.08 10336.6 8 5806.97
0.00458133 2.66667e-06 0 0 0 0 0 0 4171 1476.72 10330.8 8 5271.02
0.00458667 2.66667e-06 0 0 0 0 0 0 4162 1477.95 10327.9 8 6129.1
0.004592 2.66667e-06 0 0 0 0 0 0 4162 1479.72 10321.2 8 4655.61
0.00459733 2.66667e-06 0 0 0 0 0 0 4150 1481.48 10314.5 8 5157.23
0.00460267 2.66667e-06 0 0 0 0 0 0 4144 1483.6 10305.3 8 2708.76
0.004608 2.66667e-06 0 0 0 0 0 0 4141 1484.81 10302.5 8 7559.78
0.00461067 2.66667e-06 0 0 0 0 0 0 4135 1485.95 10297.4 8 3639.11
0.004616 2.66667e-06 0 0 0 0 0 0 4138 1487.22 10294.2 8 7784.46
0.00462133 2.66667e-06 0 0 0 0 0 0 4144 1488.44 10291.3 8 7003.76
0.00462667 2.66667e-06 0 0 0 0 0 0 4141 1489.71 10288.1 8 6425.37
0.004632 2.66667e-06 0 0 0 0 0 0 4144 1490.78 10286.2 8 8596.89
0.00463733 2.66667e-06 0 0 0 0 0 0 4141 1491.94 10283.8 8 9467.74
0.00464267 2.66667e-06 0 0 0 0 0 0 4141 1493.84 10276.2 8 3077.48
0.00465067 2.66667e-06 0 0 0 0 0 0 4135 1495.31 10274.5 8 8916.33
0.00465867 2.66667e-06 0 0 0 0 0 0 4120 1496.66 10273.4 8 8801.26
0.00466133 2.66667e-06 0 0 0 0 0 0 4108 1497.74 10268.8 8 3804.29
0.00466667 2.66667e-06 0 0 0 0 0 0 4093 1499.81 10260.1 8 2954.35
0.004672 2.66667e-06 0 0 0 0 0 0 4087 1501.09 10256.8 8 6740.14
0.00467733 2.66667e-06 0 0 0 0 0 0 4096 1502.91 10249.8 8 3821.25
0.00468267 2.66667e-06 0 0 0 0 0 0 4075 1505.14 10240 8 2763.2
0.00469067 2.66667e-06 0 0 0 0 0 0 4072 1506.66 10237.8 8 6494.25
0.004696 2.66667e-06 0 0 0 0 0 0 4075 1507.69 10236.2 8 7446.25
0.00470133 2.66667e-06 0 0 0 0 0 0 4069 1509.06 10232.3 8 5545.27
0.00470667 2.66667e-06 0 0 0 0 0 0 4069 1510.68 10226.8 8 6606.98
0.004712 2.66667e-06 0 0 0 0 0 0 4054 1511.74 10224.9 8 5839.48
0.00471733 2.66667e-06 0 0 0 0 0 0 4057 1513.04 10221.5 8 5848.22
0.00472267 2.66667e-06 0 0 0 0 0 0 4063 1515.09 10213 8 2923.11
0.004728 2.66667e-06 0 0 0 0 0 0 4066 1516.45 10209.3 8 5440.33
0.00473333 2.66667e-06 0 0 0 0 0 0 4057 1517.53 10207.3 8 7487.17
0.00474133 2.66667e-06 0 0 0 0 0 0 4060 1519.29 10203.6 8 5075.23
0.00474667 2.66667e-06 0 0 0 0 0 0 4045 1520.75 10199 8 6272.45
0.004752 2.66667e-06 0 0 0 0 0 0 4048 1521.98 10196.1 8 5938.37
0.00475733 2.66667e-06 0 0 0 0 0 0 4039 1523.06 10194.2 8 6828.51
0.00476267 2.66667e-06 0 0 0 0 0 0 4048 1525.04 10186.3 8 2860.96
0.004768 2.66667e-06 0 0 0 0 0 0 4042 1526.25 10183.5 8 7805.21
0.00477333 2.66667e-06 0 0 0 0 0 0 4039 1527.56 10180.1 8 6175.64
0.00477867 2.66667e-06 0 0 0 0 0 0 4021 1528.93 10176.2 8 6003.42
0.004784 2.66667e-06 0 0 0 0 0 0 4015 1530.34 10172 8 5839.26
0.00478933 2.66667e-06 0 0 0 0 0 0 4015 1531.4 10170.3 8 6733.52
0.00479467 2.66667e-06 0 0 0 0 0 0 4015 1532.51 10168.1 8 5842.23
0.0048 2.66667e-06 0 0 0 0 0 0 4000 1534 10163.5 8 5836.79
0.00480267 2.66667e-06 0 0 0 0 0 0 3997 1535.44 10156.5 8 2775.61
0.004808 2.66667e-06 0 0 0 0 0 0 4012 1536.49 10154.8 8 7453.97
0.00481333 2.66667e-06 0 0 0 0 0 0 4015 1537.59 10152.8 8 8494.33
0.00481867 2.66667e-06 0 0 0 0 0 0 4003 1538.94 10149.1 8 5393.05
0.004824 2.66667e-06 0 0 0 0 0 0 3997 1540.14 10146.4 8 6493.88
0.00482933 2.66667e-06 0 0 0 0 0 0 3994 1541.31 10143.9 8 6131.64
0.00483467 2.66667e-06 0 0 0 0 0 0 3994 1542.73 10139.7 8 5396.79
0.00484 2.66667e-06 0 0 0 0 0 0 4003 1543.89 10137.2 8 5825.43
0.00484267 2.66667e-06 0 0 0 0 0 0 4003 1545.36 10130.2 8 2726.62
0.004848 2.66667e-06 0 0 0 0 0 0 4003 1546.84 10125.7 8 5453.4
0.004856 2.66667e-06 0 0 0 0 0 0 4003 1548.38 10123.4 8 6750.65
0.00486133 2.66667e-06 0 0 0 0 0 0 4003 1549.72 10119.8 8 5386.54
0.00486667 2.66667e-06 0 0 0 0 0 0 3997 1551.34 10114.4 8 4827.58
0.004872 2.66667e-06 0 0 0 0 0 0 4000 1552.58 10111.5 8 7039.85
0.00488 2.66667e-06 0 0 0 0 0 0 3976 1554.01 10109.9 8 7920.86
0.00488267 2.66667e-06 0 0 0 0 0 0 3976 1555.38 10103.5 8 2894.38
0.00489067 2.66667e-06 0 0 0 0 0 0 3979 1556.68 10102.7 8 9932.4
0.00489867 2.66667e-06 0 0 0 0 0 0 3949 1557.88 10102.6 8 9874.94
0.00490667 2.66667e-06 0 0 0 0 0 0 3943 1558.98 10103 8 10494
0.00490933 2.66667e-06 0 0 0 0 0 0 3946 1560.15 10098 8 3368.19
0.00491467 2.66667e-06 0 0 0 0 0 0 3931 1561.59 10093.7 8 4761.03
0.00492 2.66667e-06 0 0 0 0 0 0 3919 1562.95 10090 8 6221.47
0.00492267 2.66667e-06 0 0 0 0 0 0 3919 1564.65 10081.5 8 2302.53
0.004928 2.66667e-06 0 0 0 0 0 0 3922 1566.25 10076.2 8 4328.13
0.00493333 2.66667e-06 0 0 0 0 0 0 3934 1567.69 10072 8 5483.67
0.00493867 2.66667e-06 0 0 0 0 0 0 3940 1568.89 10069.3 8 6079.73
0.004944 2.66667e-06 0 0 0 0 0 0 3946 1570.01 10067.1 8 5585.2
0.00494933 2.66667e-06 0 0 0 0 0 0 3937 1571.05 10065.5 8 9213.65
0.00495467 2.66667e-06 0 0 0 0 0 0 3925 1572.24 10062.8 8 5005.87
0.00496267 2.66667e-06 0 0 0 0 0 0 3922 1574.68 10054.7 8 2669.25
0.004968 2.66667e-06 0 0 0 0 0 0 3913 1575.72 10053.1 8 8954.19
0.00497333 2.66667e-06 0 0 0 0 0 0 3916 1576.89 10050.6 8 8990.6
0.00497867 2.66667e-06 0 0 0 0 0 0 3916 1577.97 10048.7 8 8270.61
0.004984 2.66667e-06 0 0 0 0 0 0 3907 1579.27 10045.4 8 6225.91
0.00498933 2.66667e-06 0 0 0 0 0 0 3907 1580.29 10043.8 8 6132.98
0.00499467 2.66667e-06 0 0 0 0 0 0 3916 1581.34 10042.1 8 7647.51
