t dt mgp.i mgp.nrelax mgpf.i mgpf.nrelax mgu.i mgu.nrelax grid->tn perf.t perf.speed npe perf.ispeed
0 3.55114e-06 0 0 0 0 0 0 16384 0 0 12 0
3.55114e-06 3.55114e-06 0 0 0 0 0 0 4828 5.28216 914.021 12 914.021
4.24501e-06 6.93877e-07 0 0 0 0 0 0 2089 9.13383 757.294 12 542.361
4.94395e-06 6.98942e-07 0 0 0 0 0 0 1498 13.4876 623.908 12 344.074
5.65333e-06 7.09373e-07 0 0 0 0 0 0 1507 14.7531 672.536 12 1190.77
6.37353e-06 7.20204e-07 0 0 0 0 0 0 1522 16.9997 673.19 12 677.487
7.09932e-06 7.25787e-07 0 0 0 0 0 0 1525 20.4393 634.513 12 443.36
7.83663e-06 7.37307e-07 0 0 0 0 0 0 1543 21.7854 666.135 12 1146.3
8.58592e-06 7.49296e-07 0 0 0 0 0 0 1540 22.5287 712.513 12 2071.76
9.3477e-06 7.61784e-07 0 0 0 0 0 0 1558 23.0613 763.616 12 2925.16
1.01159e-05 7.6824e-07 0 0 0 0 0 0 1570 23.626 811.818 12 2780.37
1.08975e-05 7.816e-07 0 0 0 0 0 0 1606 24.9344 833.627 12 1227.42
1.16931e-05 7.95558e-07 0 0 0 0 0 0 1624 28.4029 789.005 12 468.224
1.25033e-05 8.10155e-07 0 0 0 0 0 0 1648 31.3167 768.217 12 565.579
1.3321e-05 8.17727e-07 0 0 0 0 0 0 1684 33.0145 779.719 12 991.878
1.41544e-05 8.33452e-07 0 0 0 0 0 0 1708 34.6043 793.255 12 1074.36
1.50044e-05 8.49956e-07 0 0 0 0 0 0 1726 38.6753 754.383 12 423.968
1.58629e-05 8.58541e-07 0 0 0 0 0 0 1726 39.7963 776.505 12 1539.74
1.67394e-05 8.76428e-07 0 0 0 0 0 0 1738 41.4639 787.192 12 1042.23
1.94654e-05 9.25685e-07 0 0 0 0 0 0 1804 42.7039 889.521 12 4299.37
2.13609e-05 9.59013e-07 0 0 0 0 0 0 1846 43.8362 950.219 12 3359.34
2.23318e-05 9.70853e-07 0 0 0 0 0 0 1864 45.6427 953.45 12 1031.85
2.33275e-05 9.95747e-07 0 0 0 0 0 0 1894 48.0924 944.265 12 773.145
2.53588e-05 1.02248e-06 0 0 0 0 0 0 1948 54.8602 898.466 12 331.771
2.64101e-05 1.05128e-06 0 0 0 0 0 0 1960 58.0022 883.588 12 623.805
2.74766e-05 1.06652e-06 0 0 0 0 0 0 1954 60.8315 874.612 12 690.617
2.96582e-05 1.09909e-06 0 0 0 0 0 0 1996 64.4232 887.63 12 650.273
3.07747e-05 1.11654e-06 0 0 0 0 0 0 2020 68.5521 863.635 12 489.24
3.19285e-05 1.15376e-06 0 0 0 0 0 0 2014 69.8544 876.366 12 1546.46
3.42967e-05 1.19461e-06 0 0 0 0 0 0 2050 73.8788 883.758 12 642.479
3.55134e-05 1.21673e-06 0 0 0 0 0 0 2056 77.2179 872.169 12 615.738
3.67536e-05 1.24013e-06 0 0 0 0 0 0 2050 79.1695 876.562 12 1050.38
3.80185e-05 1.26493e-06 0 0 0 0 0 0 2050 81.7106 874.391 12 806.749
3.92834e-05 1.26493e-06 0 0 0 0 0 0 2032 83.1979 883.183 12 1366.2
4.18958e-05 1.32055e-06 0 0 0 0 0 0 2074 84.5984 917.665 12 3547.41
4.46313e-05 1.38422e-06 0 0 0 0 0 0 2110 85.7174 954.777 12 3010.53
4.88963e-05 1.46011e-06 0 0 0 0 0 0 2182 87.2265 1012.55 12 3818.3
5.34136e-05 1.55288e-06 0 0 0 0 0 0 2266 88.3927 1075.76 12 9061.54
5.65748e-05 1.60834e-06 0 0 0 0 0 0 2284 89.408 1114.57 12 9231.79
6.15285e-05 1.67267e-06 0 0 0 0 0 0 2326 90.5268 1177.14 12 6632.75
6.67058e-05 1.75232e-06 0 0 0 0 0 0 2332 91.6293 1239.43 12 5702.49
7.2169e-05 1.8554e-06 0 0 0 0 0 0 2374 92.6672 1302.08 12 5048.27
7.78898e-05 2.01002e-06 0 0 0 0 0 0 2398 93.6915 1364.31 12 6670.82
8.39198e-05 2.01002e-06 0 0 0 0 0 0 2410 94.7554 1425.16 12 5311.67
8.79399e-05 2.01002e-06 0 0 0 0 0 0 2464 95.8083 1460.78 12 3082.14
9.19599e-05 2.01002e-06 0 0 0 0 0 0 2476 97.6906 1483.33 12 1637.55
9.39699e-05 2.01002e-06 0 0 0 0 0 0 2506 98.8789 1490.84 12 2108.83
9.598e-05 2.01002e-06 0 0 0 0 0 0 2518 101.365 1479.12 12 1012.73
0.0001 2.01002e-06 0 0 0 0 0 0 2530 102.969 1505.1 12 3446.75
0.000102439 2.43902e-06 0 0 0 0 0 0 2536 104.672 1504.85 12 1489.64
0.000107442 2.50156e-06 0 0 0 0 0 0 2554 110.602 1470.24 12 479.316
0.000112584 2.57105e-06 0 0 0 0 0 0 2584 112.305 1493.75 12 3027.18
0.000115233 2.64896e-06 0 0 0 0 0 0 2614 113.94 1495.26 12 1598.84
0.000117882 2.64896e-06 0 0 0 0 0 0 2632 116.79 1481.3 12 923.376
0.000123357 2.73726e-06 0 0 0 0 0 0 2656 118.067 1510.19 12 5467.16
0.000128937 2.84254e-06 0 0 0 0 0 0 2680 119.106 1541.86 12 15386.6
0.000134026 2.35622e-06 0 0 0 0 0 0 2806 120.613 1568.59 12 4519.2
0.000140207 1.99311e-06 0 0 0 0 0 0 2824 121.975 1620.43 12 6257.76
0.000144064 1.92881e-06 0 0 0 0 0 0 2824 123.212 1650.03 12 3130.1
0.000145993 1.92881e-06 0 0 0 0 0 0 2890 124.277 1659.14 12 2714.17
0.000149851 1.92881e-06 0 0 0 0 0 0 2986 128.573 1649.64 12 843.811
0.000155869 2.00597e-06 0 0 0 0 0 0 3040 130.039 1700.66 12 5446.43
0.000159881 2.00597e-06 0 0 0 0 0 0 3100 132.476 1715.96 12 1698.37
0.000166215 2.11154e-06 0 0 0 0 0 0 3154 133.63 1771.72 12 5949.98
0.000170589 2.26237e-06 0 0 0 0 0 0 3151 134.666 1804.82 12 7594.42
0.000177603 2.4886e-06 0 0 0 0 0 0 3214 135.872 1859.42 12 13019.3
0.00018258 2.4886e-06 0 0 0 0 0 0 3232 137.404 1885.68 12 4596
0.000190046 2.4886e-06 0 0 0 0 0 0 3247 138.658 1938.98 12 9981.22
0.000195023 2.4886e-06 0 0 0 0 0 0 3175 139.729 1969.81 12 7816.1
0.0002 2.4886e-06 0 0 0 0 0 0 3196 140.86 1999.15 12 4818.22
0.000206354 3.22917e-06 0 0 0 0 0 0 3292 142.305 2024.58 12 6470.23
0.000209583 3.22917e-06 0 0 0 0 0 0 3298 144.789 2012.62 12 1327.75
0.000212932 3.34877e-06 0 0 0 0 0 0 3292 145.822 2020.94 12 3185.55
0.000219769 3.4883e-06 0 0 0 0 0 0 3322 146.923 2050.94 12 9185.5
0.000226912 3.65441e-06 0 0 0 0 0 0 3358 148.461 2074.82 12 5801.55
0.000234221 3.65441e-06 0 0 0 0 0 0 3340 149.967 2098.42 12 5270.25
0.00023809 3.86937e-06 0 0 0 0 0 0 3373 150.995 2106.47 12 3280.37
0.000241959 3.86937e-06 0 0 0 0 0 0 3397 152.103 2113.47 12 3067.7
0.000249698 3.86937e-06 0 0 0 0 0 0 3415 153.561 2137.84 12 5413.71
0.000258082 4.19182e-06 0 0 0 0 0 0 3394 154.573 2167.79 12 5557.24
0.000266465 4.19182e-06 0 0 0 0 0 0 3478 156.176 2189.76 12 4426.34
0.000270657 4.19182e-06 0 0 0 0 0 0 3481 157.409 2194.73 12 2823.59
0.000274849 4.19182e-06 0 0 0 0 0 0 3496 158.512 2201.51 12 3168.87
0.000287425 4.19182e-06 0 0 0 0 0 0 3502 160.117 2245.18 12 4990.82
0.000295808 4.19182e-06 0 0 0 0 0 0 3526 161.631 2267.69 12 4996.71
0.0003 4.19182e-06 0 0 0 0 0 0 3562 162.65 2275.38 12 3495.27
0.000304762 4.7619e-06 0 0 0 0 0 0 3571 165.147 2262.61 12 1430.22
0.000309524 4.7619e-06 0 0 0 0 0 0 3586 168.831 2234.47 12 973.37
0.000314286 4.7619e-06 0 0 0 0 0 0 3592 171.829 2216.39 12 1197.94
0.000319048 4.7619e-06 0 0 0 0 0 0 3631 172.973 2222.72 12 3175.29
0.00032381 4.7619e-06 0 0 0 0 0 0 3628 180.33 2152.16 12 493.125
0.000328571 4.7619e-06 0 0 0 0 0 0 3622 182.258 2149.26 12 1878.28
0.000333333 4.7619e-06 0 0 0 0 0 0 3628 184.298 2145.17 12 1779.13
0.000338095 4.7619e-06 0 0 0 0 0 0 3628 185.952 2145.59 12 2192.45
0.000342857 4.7619e-06 0 0 0 0 0 0 3649 188.269 2138.57 12 1575.27
0.000347619 4.7619e-06 0 0 0 0 0 0 3658 193.011 2104.98 12 771.327
0.000352381 4.7619e-06 0 0 0 0 0 0 3652 194.326 2109.53 12 2778.08
0.000357143 4.7619e-06 0 0 0 0 0 0 3652 195.903 2111.19 12 2315.46
0.000371429 4.7619e-06 0 0 0 0 0 0 3724 197.268 2152.61 12 9248.57
0.000380952 4.7619e-06 0 0 0 0 0 0 3838 198.735 2175.18 12 4749.59
0.000395238 4.7619e-06 0 0 0 0 0 0 3880 200.103 2218.41 12 7954.72
0.000404762 4.7619e-06 0 0 0 0 0 0 3904 201.529 2241.4 12 4065.57
0.000414048 4.52381e-06 0 0 0 0 0 0 3943 203.104 2262.86 12 5793.33
0.000418571 4.52381e-06 0 0 0 0 0 0 3946 204.367 2268.18 12 3123.14
0.000423095 4.52381e-06 0 0 0 0 0 0 3958 205.917 2270.34 12 2554.82
0.000427619 4.52381e-06 0 0 0 0 0 0 3964 207.128 2276.2 12 3272.17
0.000436667 4.52381e-06 0 0 0 0 0 0 4042 209.547 2288.34 12 2720.07
0.000445714 4.52381e-06 0 0 0 0 0 0 4144 210.781 2314.02 12 8297.38
0.000454066 4.17582e-06 0 0 0 0 0 0 4177 212.121 2338.63 12 6696.1
0.000462418 4.17582e-06 0 0 0 0 0 0 4234 213.283 2365.51 12 10166.2
0.000470769 4.17582e-06 0 0 0 0 0 0 4237 216.055 2374.4 12 2137.89
0.000474945 4.17582e-06 0 0 0 0 0 0 4243 218.429 2368.02 12 1787.22
0.000479121 4.17582e-06 0 0 0 0 0 0 4255 221.167 2357.94 12 1554.1
0.000483297 4.17582e-06 0 0 0 0 0 0 4222 224.248 2344.37 12 1370.39
0.000487473 4.17582e-06 0 0 0 0 0 0 4216 226.329 2341.44 12 2025.6
0.000491648 4.17582e-06 0 0 0 0 0 0 4246 228.268 2340.16 12 2190.05
0.000495824 4.17582e-06 0 0 0 0 0 0 4267 232.424 2316.66 12 1026.58
0.000504348 4.34783e-06 0 0 0 0 0 0 4384 234.512 2333.21 12 3013.54
0.000508696 4.34783e-06 0 0 0 0 0 0 4390 235.562 2341.45 12 4182.16
0.000513043 4.34783e-06 0 0 0 0 0 0 4426 237.333 2342.62 12 2498.78
0.000517391 4.34783e-06 0 0 0 0 0 0 4465 240.239 2332.87 12 1536.7
0.000521739 4.34783e-06 0 0 0 0 0 0 4480 242.028 2334.14 12 2503.97
0.000526087 4.34783e-06 0 0 0 0 0 0 4516 243.678 2336.87 12 2737.38
0.000534783 4.34783e-06 0 0 0 0 0 0 4534 249.85 2315.43 12 858.261
0.00053913 4.34783e-06 0 0 0 0 0 0 4540 252.795 2306.42 12 1541.5
0.000543478 4.34783e-06 0 0 0 0 0 0 4543 254.332 2310.35 12 2957.02
0.000552174 4.34783e-06 0 0 0 0 0 0 4561 255.782 2332.88 12 5930.58
0.00056087 4.34783e-06 0 0 0 0 0 0 4600 257.018 2357.38 12 9875.89
0.000569082 3.86473e-06 0 0 0 0 0 0 4627 259.745 2368.13 12 2201.98
0.000572947 3.86473e-06 0 0 0 0 0 0 4657 262.055 2365.03 12 2016.08
0.000576812 3.86473e-06 0 0 0 0 0 0 4678 263.243 2372.13 12 3938.64
0.000584541 3.86473e-06 0 0 0 0 0 0 4717 265.126 2390.86 12 4213.48
0.000592271 3.86473e-06 0 0 0 0 0 0 4771 267.063 2409.16 12 5004.12
0.0006 3.86473e-06 0 0 0 0 0 0 4810 269.732 2421.01 12 2308.54
0.000604167 4.16667e-06 0 0 0 0 0 0 4804 276.617 2378.12 12 697.76
0.000608333 4.16667e-06 0 0 0 0 0 0 4813 286.098 2316.13 12 507.635
0.0006125 4.16667e-06 0 0 0 0 0 0 4864 293.233 2276.36 12 681.663
0.000616667 4.16667e-06 0 0 0 0 0 0 4912 300.818 2235.29 12 647.581
0.000620833 4.16667e-06 0 0 0 0 0 0 4954 307.056 2206.01 12 794.216
0.000625 4.16667e-06 0 0 0 0 0 0 4948 314.272 2171.1 12 685.672
0.000629167 4.16667e-06 0 0 0 0 0 0 4921 319.966 2147.85 12 864.318
0.000633333 4.16667e-06 0 0 0 0 0 0 4918 324.328 2134.13 12 1127.45
0.0006375 4.16667e-06 0 0 0 0 0 0 4942 330.765 2107.53 12 767.704
0.000641667 4.16667e-06 0 0 0 0 0 0 4972 337.095 2082.71 12 785.534
0.000645833 4.16667e-06 0 0 0 0 0 0 4996 344.314 2053.55 12 692.061
0.00065 4.16667e-06 0 0 0 0 0 0 5008 348.871 2041.08 12 1098.82
0.000654167 4.16667e-06 0 0 0 0 0 0 4996 354.078 2025.18 12 959.535
0.000658333 4.16667e-06 0 0 0 0 0 0 4996 359.784 2006.95 12 875.632
0.0006625 4.16667e-06 0 0 0 0 0 0 5002 364.968 1992.14 12 964.806
0.00066625 3.75e-06 0 0 0 0 0 0 5056 369.725 1980.19 12 1062.94
0.00067 3.75e-06 0 0 0 0 0 0 5035 372.084 1981.17 12 2134.46
0.00067375 3.75e-06 0 0 0 0 0 0 5035 378.422 1961.29 12 794.38
0.0006775 3.75e-06 0 0 0 0 0 0 5029 385.122 1940.23 12 750.631
0.00068125 3.75e-06 0 0 0 0 0 0 5077 389.702 1930.45 12 1108.39
0.000685 3.75e-06 0 0 0 0 0 0 5113 395.528 1914.94 12 877.567
0.00068875 3.75e-06 0 0 0 0 0 0 5125 400.302 1904.91 12 1073.61
0.0006925 3.75e-06 0 0 0 0 0 0 5134 405.751 1891.98 12 942.165
0.00069625 3.75e-06 0 0 0 0 0 0 5158 408.982 1889.64 12 1596.26
0.0007 3.75e-06 0 0 0 0 0 0 5167 413.112 1883.26 12 1251.13
0.000704 4e-06 0 0 0 0 0 0 5182 418.171 1872.87 12 1024.4
0.000708 4e-06 0 0 0 0 0 0 5203 424.028 1859.27 12 888.343
0.000712 4e-06 0 0 0 0 0 0 5167 428.112 1853.6 12 1265.09
0.000716 4e-06 0 0 0 0 0 0 5203 430.594 1855 12 2096.67
0.00072 4e-06 0 0 0 0 0 0 5230 435.571 1845.82 12 1050.84
0.000724 4e-06 0 0 0 0 0 0 5236 444.404 1820.91 12 592.722
0.000728 4e-06 0 0 0 0 0 0 5245 450.919 1806.23 12 805.146
0.000732 4e-06 0 0 0 0 0 0 5248 453.293 1808.35 12 2210.86
0.000736 4e-06 0 0 0 0 0 0 5254 454.343 1815.73 12 5000.34
0.000744 4e-06 0 0 0 0 0 0 5299 456.144 1831.75 12 5909.41
0.000748 4e-06 0 0 0 0 0 0 5287 457.286 1838.74 12 4630.24
0.000752 4e-06 0 0 0 0 0 0 5302 458.451 1845.63 12 4551.45
0.000756 4e-06 0 0 0 0 0 0 5341 460.837 1847.67 12 2238.59
0.00076 4e-06 0 0 0 0 0 0 5377 464.049 1846.46 12 1673.88
0.000764 4e-06 0 0 0 0 0 0 5398 468.59 1840.09 12 1188.8
0.000768 4e-06 0 0 0 0 0 0 5383 474.168 1829.8 12 965.047
0.000772 4e-06 0 0 0 0 0 0 5404 478.493 1824.55 12 1249.5
0.0007755 3.5e-06 0 0 0 0 0 0 5434 484.537 1813.01 12 899.046
0.000779 3.5e-06 0 0 0 0 0 0 5449 486.504 1816.88 12 2769.91
0.0007825 3.5e-06 0 0 0 0 0 0 5446 488.093 1822.12 12 3427.63
0.000786 3.5e-06 0 0 0 0 0 0 5461 489.56 1827.81 12 3721.57
0.0007895 3.5e-06 0 0 0 0 0 0 5443 491.969 1829.93 12 2260.1
0.000793 3.5e-06 0 0 0 0 0 0 5455 497.148 1821.84 12 1053.23
0.0007965 3.5e-06 0 0 0 0 0 0 5449 498.745 1826.93 12 3411.13
0.0008 3.5e-06 0 0 0 0 0 0 5455 505.232 1814.27 12 840.926
0.000803704 3.7037e-06 0 0 0 0 0 0 5464 507.537 1816.8 12 2370.85
0.000807407 3.7037e-06 0 0 0 0 0 0 5467 510.3 1817.67 12 1978.36
0.000811111 3.7037e-06 0 0 0 0 0 0 5479 512.011 1822.3 12 3203.19
0.000818519 3.7037e-06 0 0 0 0 0 0 5512 514.173 1836.06 12 3960.49
0.000825926 3.7037e-06 0 0 0 0 0 0 5530 515.829 1851.63 12 4972.51
0.000833333 3.7037e-06 0 0 0 0 0 0 5533 517.462 1867.15 12 8561.82
0.000840741 3.7037e-06 0 0 0 0 0 0 5575 519.031 1882.97 12 7296.6
0.000848148 3.7037e-06 0 0 0 0 0 0 5587 520.265 1899.97 12 7919.92
0.000855556 3.7037e-06 0 0 0 0 0 0 5623 521.602 1916.65 12 8963.87
0.000862963 3.7037e-06 0 0 0 0 0 0 5635 522.726 1934.05 12 9900.29
0.000866667 3.7037e-06 0 0 0 0 0 0 5626 524.153 1939.52 12 3944.22
0.000874074 3.7037e-06 0 0 0 0 0 0 5671 525.35 1956.58 12 8904.74
0.000881481 3.7037e-06 0 0 0 0 0 0 5680 526.847 1972.58 12 6729.06
0.000888889 3.7037e-06 0 0 0 0 0 0 5710 528.769 1986.96 12 5654.11
0.000895062 2.46914e-06 0 0 0 0 0 0 5767 530.339 2002.76 12 8045.61
0.0009 2.46914e-06 0 0 0 0 0 0 5761 531.993 2018.23 12 4774.45
0.000906897 3.44828e-06 0 0 0 0 0 0 5794 538.49 2015.43 12 1041.86
0.000910345 3.44828e-06 0 0 0 0 0 0 5800 542.555 2011.02 12 1426.78
0.000917241 3.44828e-06 0 0 0 0 0 0 5812 544.463 2025.29 12 4692.99
0.000924138 3.44828e-06 0 0 0 0 0 0 5836 546.396 2039.48 12 5419.35
0.000931034 3.44828e-06 0 0 0 0 0 0 5863 548.006 2054.81 12 8001.11
0.000934483 3.44828e-06 0 0 0 0 0 0 5872 549.031 2061.66 12 5729.42
0.000941379 3.44828e-06 0 0 0 0 0 0 5917 550.904 2076.1 12 6364.21
0.000948276 3.44828e-06 0 0 0 0 0 0 5938 552.089 2093.18 12 11650.7
0.000955172 3.44828e-06 0 0 0 0 0 0 5971 558.822 2089.31 12 1004.5
0.000958621 3.44828e-06 0 0 0 0 0 0 5959 560.306 2094.41 12 4014.87
0.000962069 3.44828e-06 0 0 0 0 0 0 5992 561.374 2101.1 12 5610.47
0.000965517 3.44828e-06 0 0 0 0 0 0 6019 562.625 2107.13 12 4811.41
0.000972414 3.44828e-06 0 0 0 0 0 0 6025 564.822 2120.28 12 4585.14
0.00097931 3.44828e-06 0 0 0 0 0 0 6037 566.408 2135.64 12 8197.11
0.000986207 3.44828e-06 0 0 0 0 0 0 6067 568.051 2150.78 12 5744.86
0.000993103 3.44828e-06 0 0 0 0 0 0 6154 569.899 2165.32 12 5287.01
0.001 3.44828e-06 0 0 0 0 0 0 6193 571.19 2182.09 12 8331.18
0.0010069 3.44828e-06 0 0 0 0 0 0 6211 572.89 2197.31 12 7906.14
0.00101379 3.44828e-06 0 0 0 0 0 0 6205 574.073 2214.34 12 11502.2
0.00102069 3.44828e-06 0 0 0 0 0 0 6211 575.651 2229.87 12 9902.17
0.00102759 3.44828e-06 0 0 0 0 0 0 6235 577.534 2244.15 12 6688.63
0.00103103 3.44828e-06 0 0 0 0 0 0 6223 580.362 2243.94 12 2200.72
0.00103448 3.44828e-06 0 0 0 0 0 0 6265 583.103 2244.13 12 2285.51
0.00103793 3.44828e-06 0 0 0 0 0 0 6268 591.561 2222.64 12 741.054
0.0010412 3.26679e-06 0 0 0 0 0 0 6298 594.984 2220.44 12 1840.21
0.00104446 3.26679e-06 0 0 0 0 0 0 6307 596.658 2224.78 12 3768.26
0.00104773 3.26679e-06 0 0 0 0 0 0 6319 598.308 2229.21 12 3829.71
0.00105426 3.26679e-06 0 0 0 0 0 0 6361 599.935 2244.31 12 6069.95
0.0010608 3.26679e-06 0 0 0 0 0 0 6391 601.563 2259.52 12 9124.77
0.00106733 3.26679e-06 0 0 0 0 0 0 6475 603.331 2274.32 12 7621.99
0.0010706 3.26679e-06 0 0 0 0 0 0 6439 604.385 2281.01 12 6105.93
0.00107387 3.26679e-06 0 0 0 0 0 0 6469 607.397 2280.35 12 2147.79
0.0010804 3.26679e-06 0 0 0 0 0 0 6424 609.187 2294.74 12 5369.71
0.00108693 3.26679e-06 0 0 0 0 0 0 6439 610.662 2310.28 12 8022.47
0.00109347 3.26679e-06 0 0 0 0 0 0 6469 611.884 2326.77 12 11163.3
0.00109673 3.26679e-06 0 0 0 0 0 0 6478 613.053 2332.9 12 5542.47
0.0011 3.26679e-06 0 0 0 0 0 0 6493 619.264 2319.99 12 1045.38
0.00110333 3.33333e-06 0 0 0 0 0 0 6493 622.476 2318.45 12 2021.62
0.00110667 3.33333e-06 0 0 0 0 0 0 6532 625.811 2316.53 12 1958.36
0.00111 3.33333e-06 0 0 0 0 0 0 6544 630.185 2310.83 12 1496.1
0.00111333 3.33333e-06 0 0 0 0 0 0 6577 631.376 2316.89 12 5521.84
0.00111667 3.33333e-06 0 0 0 0 0 0 6574 633.009 2321.3 12 4027.29
0.00112333 3.33333e-06 0 0 0 0 0 0 6580 634.845 2335.28 12 7340.14
0.00113 3.33333e-06 0 0 0 0 0 0 6589 638.028 2344.31 12 2874.09
0.00113333 3.33333e-06 0 0 0 0 0 0 6649 639.05 2350.96 12 6505.04
0.00114 3.33333e-06 0 0 0 0 0 0 6673 640.429 2366.73 12 7427.39
0.00114333 3.33333e-06 0 0 0 0 0 0 6679 641.783 2372.14 12 4932.96
0.00114667 3.33333e-06 0 0 0 0 0 0 6688 643.265 2377.07 12 4513.79
0.00115333 3.33333e-06 0 0 0 0 0 0 6685 644.87 2391.85 12 7146.21
0.00116 3.33333e-06 0 0 0 0 0 0 6739 645.993 2408.53 12 13600.7
0.00116333 3.33333e-06 0 0 0 0 0 0 6751 648.504 2409.62 12 2689.36
0.00116667 3.33333e-06 0 0 0 0 0 0 6778 650.705 2411.88 12 3079.73
0.00117333 3.33333e-06 0 0 0 0 0 0 6775 653.083 2423.83 12 4414.62
0.00118 3.33333e-06 0 0 0 0 0 0 6796 655.724 2434.81 12 4116.33
0.00118333 3.33333e-06 0 0 0 0 0 0 6799 657.524 2438.49 12 3776.61
0.00119 3.33333e-06 0 0 0 0 0 0 6811 659.288 2452.63 12 8234.12
0.00119667 3.33333e-06 0 0 0 0 0 0 6847 660.549 2468.64 12 12450
0.00120333 3.33333e-06 0 0 0 0 0 0 6907 662.075 2483.71 12 7160.35
0.00121 3.33333e-06 0 0 0 0 0 0 6988 663.481 2499.39 12 9342.11
0.00121654 3.20988e-06 0 0 0 0 0 0 6955 664.737 2515.64 12 12236
0.00122296 3.20988e-06 0 0 0 0 0 0 6952 666.085 2531.4 12 8608.31
0.00122617 3.20988e-06 0 0 0 0 0 0 6958 667.375 2536.93 12 5393.28
0.00123259 3.20988e-06 0 0 0 0 0 0 6970 668.74 2552.57 12 8611.83
0.00123901 3.20988e-06 0 0 0 0 0 0 6997 669.854 2569.18 12 12844.3
0.00124543 3.20988e-06 0 0 0 0 0 0 7015 671.045 2585.53 12 15176.1
0.00125185 3.20988e-06 0 0 0 0 0 0 7030 672.75 2599.86 12 7489.54
0.00125827 3.20988e-06 0 0 0 0 0 0 7039 674.203 2615.13 12 9165.29
0.00126469 3.20988e-06 0 0 0 0 0 0 7105 675.412 2631.47 12 14913.4
0.00127111 3.20988e-06 0 0 0 0 0 0 7195 676.596 2648.03 12 11397.2
0.00127432 3.20988e-06 0 0 0 0 0 0 7225 677.775 2654.08 12 6126.7
0.00128074 3.20988e-06 0 0 0 0 0 0 7243 678.915 2670.9 12 15050.6
0.00128716 3.20988e-06 0 0 0 0 0 0 7219 680.031 2687.75 12 12797.4
0.00129358 3.20988e-06 0 0 0 0 0 0 7264 681.673 2702.55 12 7326.02
0.00129679 3.20988e-06 0 0 0 0 0 0 7267 685.281 2698.92 12 2014.24
0.0013 3.20988e-06 0 0 0 0 0 0 7324 693.16 2678.81 12 929.586
0.00130323 3.22581e-06 0 0 0 0 0 0 7336 699.506 2665 12 1155.97
0.00130645 3.22581e-06 0 0 0 0 0 0 7363 707.57 2645.03 12 913.046
0.00130968 3.22581e-06 0 0 0 0 0 0 7378 709.78 2647.19 12 3338.65
0.0013129 3.22581e-06 0 0 0 0 0 0 7405 711.68 2650.53 12 3897.77
0.00131613 3.22581e-06 0 0 0 0 0 0 7411 713.237 2655.13 12 4760.26
0.00131935 3.22581e-06 0 0 0 0 0 0 7396 716.738 2652.48 12 2112.31
0.00132258 3.22581e-06 0 0 0 0 0 0 7387 719.664 2651.96 12 2524.46
0.00132581 3.22581e-06 0 0 0 0 0 0 7390 721.133 2656.81 12 5031.49
0.00132903 3.22581e-06 0 0 0 0 0 0 7438 722.386 2662.5 12 5938.79
0.0013352 3.08555e-06 0 0 0 0 0 0 7459 726.626 2667.44 12 2235.54
0.00133829 3.08555e-06 0 0 0 0 0 0 7486 729.934 2665.61 12 2263.05
0.00134137 3.08555e-06 0 0 0 0 0 0 7489 731.758 2669.2 12 4105.37
0.00134755 3.08555e-06 0 0 0 0 0 0 7522 733.154 2684.64 12 9978.93
0.00135372 3.08555e-06 0 0 0 0 0 0 7552 734.454 2700.46 12 12878.4
0.00135989 3.08555e-06 0 0 0 0 0 0 7591 735.859 2715.9 12 10032.5
0.00136606 3.08555e-06 0 0 0 0 0 0 7609 737.104 2731.92 12 12002.9
0.00137223 3.08555e-06 0 0 0 0 0 0 7675 738.593 2747.15 12 7781.24
0.0013784 3.08555e-06 0 0 0 0 0 0 7711 739.667 2763.99 12 15884.4
0.00138457 3.08555e-06 0 0 0 0 0 0 7711 741.154 2779.24 12 9858.05
0.00139074 3.08555e-06 0 0 0 0 0 0 7768 742.388 2795.49 12 14178.6
0.00139691 3.08555e-06 0 0 0 0 0 0 7819 743.648 2811.74 12 11614
0.00140313 3.125e-06 0 0 0 0 0 0 7849 745.658 2825.22 12 7749.61
0.00140938 3.125e-06 0 0 0 0 0 0 7837 747.12 2840.69 12 10165.4
0.00141563 3.125e-06 0 0 0 0 0 0 7813 748.862 2855 12 6223.94
0.00142188 3.125e-06 0 0 0 0 0 0 7900 750.702 2868.98 12 6667.27
0.00142813 3.125e-06 0 0 0 0 0 0 7999 751.907 2885.58 12 13362.9
0.00143411 2.99479e-06 0 0 0 0 0 0 8032 753.375 2901.23 12 10225.8
0.0014401 2.99479e-06 0 0 0 0 0 0 7990 754.831 2916.83 12 14188.8
0.00144609 2.99479e-06 0 0 0 0 0 0 7966 756.079 2933.11 12 12262.3
0.00145177 2.83717e-06 0 0 0 0 0 0 7972 757.663 2948.06 12 9772.16
0.00145461 2.83717e-06 0 0 0 0 0 0 8023 758.707 2954.58 12 7688.42
0.00146028 2.83717e-06 0 0 0 0 0 0 8023 760.188 2969.92 12 9780.69
0.00146595 2.83717e-06 0 0 0 0 0 0 8044 761.5 2985.95 12 14595.3
0.00147163 2.83717e-06 0 0 0 0 0 0 8062 762.743 3002.2 12 11317.4
0.0014773 2.83717e-06 0 0 0 0 0 0 8086 764.01 3018.36 12 15001.5
0.00148298 2.83717e-06 0 0 0 0 0 0 8158 765.32 3034.49 12 11842.6
0.00148865 2.83717e-06 0 0 0 0 0 0 8155 766.767 3049.96 12 12749.6
0.00149433 2.83717e-06 0 0 0 0 0 0 8215 767.926 3066.76 12 12945.2
0.00149716 2.83717e-06 0 0 0 0 0 0 8242 769.407 3071.57 12 5566.26
0.0015 2.83717e-06 0 0 0 0 0 0 8287 773.61 3065.59 12 1971.51
0.00150303 3.0303e-06 0 0 0 0 0 0 8263 776.106 3066.38 12 3311.06
0.00150606 3.0303e-06 0 0 0 0 0 0 8272 777.891 3069.98 12 4633.68
0.00150909 3.0303e-06 0 0 0 0 0 0 8278 780.152 3071.69 12 3660.31
0.00151515 3.0303e-06 0 0 0 0 0 0 8335 782.335 3084.39 12 6988.65
0.00151818 3.0303e-06 0 0 0 0 0 0 8350 783.674 3089.77 12 6233.53
0.00152424 3.0303e-06 0 0 0 0 0 0 8362 785.444 3104.08 12 8925.72
0.0015303 3.0303e-06 0 0 0 0 0 0 8347 787.311 3117.96 12 8793.64
0.00153636 3.0303e-06 0 0 0 0 0 0 8365 789.961 3128.68 12 4890.87
0.00154242 3.0303e-06 0 0 0 0 0 0 8419 792.573 3139.57 12 5083.17
0.00154848 3.0303e-06 0 0 0 0 0 0 8410 793.852 3155.72 12 15768.8
0.00155455 3.0303e-06 0 0 0 0 0 0 8470 795.395 3170.88 12 10555.1
0.00156061 3.0303e-06 0 0 0 0 0 0 8524 796.871 3186.33 12 12880.3
0.00156364 3.0303e-06 0 0 0 0 0 0 8506 798.05 3192.28 12 7213.16
0.00156643 2.7972e-06 0 0 0 0 0 0 8521 799.228 3198.24 12 7233.97
0.00157203 2.7972e-06 0 0 0 0 0 0 8533 800.858 3213.05 12 9721.29
0.00157762 2.7972e-06 0 0 0 0 0 0 8560 802.429 3228.08 12 10804.1
0.00158322 2.7972e-06 0 0 0 0 0 0 8557 803.66 3244.44 12 15544.6
0.00158601 2.7972e-06 0 0 0 0 0 0 8587 804.67 3251.04 12 8500.89
0.00159161 2.7972e-06 0 0 0 0 0 0 8596 806.109 3266.57 12 14317.9
0.0015972 2.7972e-06 0 0 0 0 0 0 8617 807.72 3281.38 12 11346.5
0.00160286 2.85714e-06 0 0 0 0 0 0 8689 810.478 3291.6 12 4594.98
0.00160857 2.85714e-06 0 0 0 0 0 0 8692 811.862 3307.39 12 11674
0.00161429 2.85714e-06 0 0 0 0 0 0 8734 813.06 3324 12 15392.5
0.00162 2.85714e-06 0 0 0 0 0 0 8734 814.631 3339.01 12 11663.8
0.00162571 2.85714e-06 0 0 0 0 0 0 8758 816.379 3353.29 12 11066.6
0.00163122 2.75132e-06 0 0 0 0 0 0 8770 819.129 3363.46 12 4397.92
0.00163397 2.75132e-06 0 0 0 0 0 0 8809 820.145 3370.03 12 8672.66
0.00163947 2.75132e-06 0 0 0 0 0 0 8836 821.503 3385.94 12 11455.1
0.00164497 2.75132e-06 0 0 0 0 0 0 8830 823.195 3400.42 12 10024.9
0.00164772 2.75132e-06 0 0 0 0 0 0 8821 830.075 3382.87 12 1282.24
0.00165048 2.75132e-06 0 0 0 0 0 0 8812 832.217 3384.75 12 4113.07
0.00165323 2.75132e-06 0 0 0 0 0 0 8827 833.873 3388.61 12 5329.17
0.00165598 2.75132e-06 0 0 0 0 0 0 8854 837.31 3385.28 12 2576.39
0.00165873 2.75132e-06 0 0 0 0 0 0 8866 845.408 3363.34 12 1094.83
0.00166148 2.75132e-06 0 0 0 0 0 0 8860 848.202 3362.7 12 3171.62
0.00166423 2.75132e-06 0 0 0 0 0 0 8878 851.486 3360.16 12 2703.04
0.00166698 2.75132e-06 0 0 0 0 0 0 8872 854.587 3358.35 12 2860.83
0.00167249 2.75132e-06 0 0 0 0 0 0 8881 856.236 3372.62 12 12525.2
0.00167524 2.75132e-06 0 0 0 0 0 0 8884 857.689 3377.27 12 6113.67
0.00167799 2.75132e-06 0 0 0 0 0 0 8905 858.69 3383.7 12 8897.62
0.00168074 2.75132e-06 0 0 0 0 0 0 8899 859.759 3389.84 12 8320.8
0.00168624 2.75132e-06 0 0 0 0 0 0 8938 861.422 3404.06 12 12919.5
0.00169175 2.75132e-06 0 0 0 0 0 0 8962 863.399 3417.01 12 6883.43
0.00169725 2.75132e-06 0 0 0 0 0 0 9013 864.785 3432.32 12 12260.8
0.00170294 2.94118e-06 0 0 0 0 0 0 8989 866.533 3446.18 12 9341.4
0.00170882 2.94118e-06 0 0 0 0 0 0 9052 868.169 3460.54 12 10924.3
0.00171471 2.94118e-06 0 0 0 0 0 0 9094 870.795 3470.98 12 5191.36
0.00172059 2.94118e-06 0 0 0 0 0 0 9091 872.308 3485.8 12 11683.4
0.0017267 3.0543e-06 0 0 0 0 0 0 9199 873.673 3501.37 12 15316.4
0.00173281 3.0543e-06 0 0 0 0 0 0 9169 875.194 3516.21 12 11576.3
0.00173891 3.0543e-06 0 0 0 0 0 0 9145 876.916 3530.18 12 11497
0.00174197 3.0543e-06 0 0 0 0 0 0 9145 878.094 3535.86 12 7760.62
0.00174502 3.0543e-06 0 0 0 0 0 0 9139 879.812 3539.34 12 5319.48
0.00174808 3.0543e-06 0 0 0 0 0 0 9163 881.322 3543.67 12 6067.8
0.00175419 3.0543e-06 0 0 0 0 0 0 9187 882.875 3558.24 12 12276.3
0.00176029 3.0543e-06 0 0 0 0 0 0 9223 884.356 3573.15 12 15271
0.0017664 3.0543e-06 0 0 0 0 0 0 9226 885.754 3588.32 12 12760.7
0.00177251 3.0543e-06 0 0 0 0 0 0 9286 887.444 3602.43 12 10948.2
0.00177557 3.0543e-06 0 0 0 0 0 0 9253 889.095 3606.14 12 5603.35
0.00178167 3.0543e-06 0 0 0 0 0 0 9274 891.336 3617.9 12 6622.55
0.00178778 3.0543e-06 0 0 0 0 0 0 9262 892.653 3633.32 12 12417.4
0.00179389 3.0543e-06 0 0 0 0 0 0 9268 894.367 3647.11 12 11286.4
0.00179695 3.0543e-06 0 0 0 0 0 0 9292 895.41 3653.24 12 8908.84
0.00180333 3.33333e-06 0 0 0 0 0 0 9331 897.063 3667.28 12 9045.89
0.00181 3.33333e-06 0 0 0 0 0 0 9349 898.802 3681 12 11796.7
0.00181333 3.33333e-06 0 0 0 0 0 0 9391 899.997 3686.54 12 7853.44
0.00181667 3.33333e-06 0 0 0 0 0 0 9388 901.298 3691.64 12 7217.55
0.00182333 3.33333e-06 0 0 0 0 0 0 9400 902.776 3706.44 12 12668.7
0.00183 3.33333e-06 0 0 0 0 0 0 9433 904.296 3721.03 12 11493
0.00183667 3.33333e-06 0 0 0 0 0 0 9457 906.075 3734.6 12 11699.3
0.00184 3.33333e-06 0 0 0 0 0 0 9481 907.086 3740.89 12 9375.94
0.00184667 3.33333e-06 0 0 0 0 0 0 9496 908.631 3755.43 12 11172.8
0.00185 3.33333e-06 0 0 0 0 0 0 9499 913.62 3745.32 12 1904.02
0.00185333 3.33333e-06 0 0 0 0 0 0 9487 917.683 3739.08 12 2335.1
0.00185667 3.33333e-06 0 0 0 0 0 0 9487 920.276 3738.85 12 3658.99
0.00186 3.33333e-06 0 0 0 0 0 0 9484 922.827 3738.79 12 3717.53
0.00186333 3.33333e-06 0 0 0 0 0 0 9496 924.647 3741.7 12 5216.85
0.00186667 3.33333e-06 0 0 0 0 0 0 9484 926.854 3743.03 12 4297.05
0.00187 3.33333e-06 0 0 0 0 0 0 9490 932.712 3729.69 12 1619.9
0.00187333 3.33333e-06 0 0 0 0 0 0 9511 938.074 3718.51 12 1773.95
0.00187667 3.33333e-06 0 0 0 0 0 0 9550 943.648 3706.67 12 1713.26
0.00188 3.33333e-06 0 0 0 0 0 0 9535 949.077 3695.51 12 1756.33
0.00188333 3.33333e-06 0 0 0 0 0 0 9568 953.705 3687.61 12 2067.22
0.00188667 3.33333e-06 0 0 0 0 0 0 9526 955.628 3690.16 12 4955.42
0.00189 3.33333e-06 0 0 0 0 0 0 9526 957.883 3691.42 12 4223.86
0.00189333 3.33333e-06 0 0 0 0 0 0 9520 963.106 3681.28 12 1822.74
0.00189667 3.33333e-06 0 0 0 0 0 0 9568 968.137 3672.03 12 1901.78
0.0019 3.33333e-06 0 0 0 0 0 0 9586 969.638 3676.24 12 6387.94
0.00190345 3.44828e-06 0 0 0 0 0 0 9604 971.035 3680.84 12 6873.13
0.0019069 3.44828e-06 0 0 0 0 0 0 9616 972.96 3683.44 12 4995.38
0.00191034 3.44828e-06 0 0 0 0 0 0 9622 978.535 3672.28 12 1725.79
0.00191379 3.44828e-06 0 0 0 0 0 0 9631 980.533 3674.63 12 4822.06
0.00191724 3.44828e-06 0 0 0 0 0 0 9619 982.366 3677.56 12 5246.84
0.00192069 3.44828e-06 0 0 0 0 0 0 9577 984.3 3680.06 12 4952.13
0.00192414 3.44828e-06 0 0 0 0 0 0 9610 985.401 3685.7 12 8727.88
0.00193103 3.44828e-06 0 0 0 0 0 0 9577 987.224 3698.34 12 8779.86
0.00193793 3.44828e-06 0 0 0 0 0 0 9592 989.294 3710.01 12 8401.03
0.00194138 3.44828e-06 0 0 0 0 0 0 9571 990.866 3713.78 12 6088.94
0.00194483 3.44828e-06 0 0 0 0 0 0 9595 992.314 3718.03 12 6625.3
0.00194828 3.44828e-06 0 0 0 0 0 0 9628 993.558 3723.07 12 7741.16
0.00195172 3.44828e-06 0 0 0 0 0 0 9613 994.819 3728.01 12 7623.09
0.00195517 3.44828e-06 0 0 0 0 0 0 9628 995.821 3733.93 12 9609.23
0.00196207 3.44828e-06 0 0 0 0 0 0 9619 997.574 3746.67 12 11237.6
0.00196897 3.44828e-06 0 0 0 0 0 0 9646 999.512 3758.68 12 8977.16
0.00197241 3.44828e-06 0 0 0 0 0 0 9646 1001.23 3761.86 12 5609.6
0.00197586 3.44828e-06 0 0 0 0 0 0 9658 1003.4 3763.34 12 4444.89
0.00197931 3.44828e-06 0 0 0 0 0 0 9706 1005.91 3763.63 12 3877.98
0.00198276 3.44828e-06 0 0 0 0 0 0 9739 1007.23 3768.35 12 7359.72
0.00198621 3.44828e-06 0 0 0 0 0 0 9712 1008.9 3771.76 12 5829.76
0.00198966 3.44828e-06 0 0 0 0 0 0 9724 1010.65 3774.83 12 5540.64
0.0019931 3.44828e-06 0 0 0 0 0 0 9688 1012.21 3778.59 12 6222.2
0.00199655 3.44828e-06 0 0 0 0 0 0 9730 1014.18 3780.85 12 4939.17
0.002 3.44828e-06 0 0 0 0 0 0 9739 1015.38 3785.96 12 8105.32
0.00200357 3.57143e-06 0 0 0 0 0 0 9697 1017.3 3788.35 12 5050.66
0.00200743 3.85714e-06 0 0 0 0 0 0 9715 1018.36 3793.94 12 9137.67
0.00201567 4.2165e-06 0 0 0 0 0 0 9580 1020.31 3805.52 12 9851.33
0.00202011 4.43843e-06 0 0 0 0 0 0 9580 1024.19 3800.47 12 2470.72
0.00202455 4.43843e-06 0 0 0 0 0 0 9550 1029.04 3791.83 12 1968.94
0.00202899 4.43843e-06 0 0 0 0 0 0 9586 1030.87 3794.39 12 5225.86
0.00203372 4.73432e-06 0 0 0 0 0 0 9553 1034.28 3791.1 12 2798.9
0.00203845 4.73432e-06 0 0 0 0 0 0 9550 1038.27 3785.74 12 2395.31
0.00204319 4.73432e-06 0 0 0 0 0 0 9604 1040.39 3787.26 12 4531.27
0.00204792 4.73432e-06 0 0 0 0 0 0 9553 1043.7 3784.41 12 2889.38
0.00205266 4.73432e-06 0 0 0 0 0 0 9523 1050.96 3767.33 12 1311.69
0.00205739 4.73432e-06 0 0 0 0 0 0 9529 1057.44 3753.24 12 1469.18
0.00206213 4.73432e-06 0 0 0 0 0 0 9523 1060.38 3751.83 12 3245.29
0.00206686 4.73432e-06 0 0 0 0 0 0 9523 1068.57 3731.99 12 1162.94
0.00207159 4.73432e-06 0 0 0 0 0 0 9553 1073.34 3724.31 12 2002.89
0.00207633 4.73432e-06 0 0 0 0 0 0 9520 1077.46 3718.9 12 2310.69
0.00208106 4.73432e-06 0 0 0 0 0 0 9517 1081.25 3714.64 12 2506.43
0.0020858 4.73432e-06 0 0 0 0 0 0 9586 1088.15 3699.91 12 1389.66
0.00209053 4.73432e-06 0 0 0 0 0 0 9541 1092.43 3694.16 12 2230.97
0.00209527 4.73432e-06 0 0 0 0 0 0 9562 1096.72 3688.42 12 2228.7
0.0021 4.73432e-06 0 0 0 0 0 0 9586 1098.37 3691.6 12 5798.5
0.00210526 5.26316e-06 0 0 0 0 0 0 9553 1100.03 3694.73 12 5772.39
0.00211084 5.57276e-06 0 0 0 0 0 0 9499 1101.03 3699.99 12 9455.42
0.00211641 5.57276e-06 0 0 0 0 0 0 9508 1102.06 3705.15 12 9216.8
0.00212755 5.57276e-06 0 0 0 0 0 0 9436 1104.18 3715.14 12 8072.23
0.00213313 5.57276e-06 0 0 0 0 0 0 9472 1105.4 3719.6 12 7751.16
0.0021387 5.57276e-06 0 0 0 0 0 0 9403 1106.91 3723.04 12 6252.91
0.00214427 5.57276e-06 0 0 0 0 0 0 9370 1108.08 3727.57 12 8003.7
0.00214985 5.57276e-06 0 0 0 0 0 0 9373 1109.52 3731.19 12 6523.39
0.00215542 5.57276e-06 0 0 0 0 0 0 9316 1117.31 3713.5 12 1195.4
0.00216099 5.57276e-06 0 0 0 0 0 0 9322 1121.88 3706.67 12 2037.96
0.00216656 5.57276e-06 0 0 0 0 0 0 9343 1123.91 3708.3 12 4612.59
0.00217214 5.57276e-06 0 0 0 0 0 0 9280 1125.61 3710.94 12 5451.08
0.00217771 5.57276e-06 0 0 0 0 0 0 9250 1127.86 3711.73 12 4106.45
0.00218328 5.57276e-06 0 0 0 0 0 0 9292 1130.38 3711.67 12 3685.85
0.00218885 5.57276e-06 0 0 0 0 0 0 9271 1131.99 3714.61 12 5788.24
0.00219443 5.57276e-06 0 0 0 0 0 0 9274 1133.33 3718.4 12 6921.06
0.0022 5.57276e-06 0 0 0 0 0 0 9292 1134.78 3721.84 12 6410.77
0.00220588 5.88235e-06 0 0 0 0 0 0 9256 1137 3722.7 12 4163.02
0.00221176 5.88235e-06 0 0 0 0 0 0 9259 1138.48 3725.98 12 6237.12
0.00221765 5.88235e-06 0 0 0 0 0 0 9277 1139.97 3729.25 12 6230.7
0.00222353 5.88235e-06 0 0 0 0 0 0 9226 1141.77 3731.45 12 5126.37
0.00222941 5.88235e-06 0 0 0 0 0 0 9241 1144.36 3731.08 12 3568.33
0.00223529 5.88235e-06 0 0 0 0 0 0 9211 1147.98 3727.35 12 2546.42
0.00224118 5.88235e-06 0 0 0 0 0 0 9226 1153.32 3718.1 12 1728.62
0.00224706 5.88235e-06 0 0 0 0 0 0 9211 1159.14 3707.36 12 1581.39
0.00225294 5.88235e-06 0 0 0 0 0 0 9232 1165.85 3693.94 12 1375.59
0.00225882 5.88235e-06 0 0 0 0 0 0 9184 1169.16 3691.35 12 2777.06
0.00226471 5.88235e-06 0 0 0 0 0 0 9169 1171.25 3692.6 12 4393
0.00227059 5.88235e-06 0 0 0 0 0 0 9151 1172.4 3696.76 12 7913.16
0.00227647 5.88235e-06 0 0 0 0 0 0 9142 1173.7 3700.46 12 7037.43
0.00228235 5.88235e-06 0 0 0 0 0 0 9100 1175.02 3704.05 12 6897.84
0.00228824 5.88235e-06 0 0 0 0 0 0 9106 1176.43 3707.35 12 6454.74
0.00229412 5.88235e-06 0 0 0 0 0 0 9079 1178.4 3708.87 12 4620.89
0.0023 5.88235e-06 0 0 0 0 0 0 9106 1179.4 3713.44 12 9083.23
0.00230625 6.25e-06 0 0 0 0 0 0 9064 1181.06 3715.9 12 5470.64
0.0023125 6.25e-06 0 0 0 0 0 0 9034 1182.09 3720.31 12 8772.05
0.00231875 6.25e-06 0 0 0 0 0 0 9001 1183.24 3724.28 12 7777.29
0.002325 6.25e-06 0 0 0 0 0 0 9004 1187.28 3719.19 12 2229.52
0.00233125 6.25e-06 0 0 0 0 0 0 8980 1188.85 3721.83 12 5717.55
0.0023375 6.25e-06 0 0 0 0 0 0 8989 1190.22 3725.12 12 6583.9
0.00234375 6.25e-06 0 0 0 0 0 0 8980 1191.29 3729.29 12 8346.09
0.00235 6.25e-06 0 0 0 0 0 0 8947 1192.46 3733.16 12 7697.45
0.00235625 6.25e-06 0 0 0 0 0 0 8911 1193.84 3736.28 12 6423.82
0.0023625 6.25e-06 0 0 0 0 0 0 8911 1195.16 3739.62 12 6763.23
0.00236875 6.25e-06 0 0 0 0 0 0 8914 1196.3 3743.52 12 7847.86
0.002375 6.25e-06 0 0 0 0 0 0 8908 1198.07 3745.42 12 5027.33
0.00238125 6.25e-06 0 0 0 0 0 0 8884 1199.82 3747.35 12 5067.68
0.0023875 6.25e-06 0 0 0 0 0 0 8857 1201.54 3749.35 12 5144.44
0.00239375 6.25e-06 0 0 0 0 0 0 8848 1206.61 3740.95 12 1747.41
0.0024 6.25e-06 0 0 0 0 0 0 8824 1213.7 3726.36 12 1244.05
0.00240625 6.25e-06 0 0 0 0 0 0 8752 1224.74 3699.93 12 793.064
0.0024125 6.25e-06 0 0 0 0 0 0 8743 1231.01 3688.16 12 1392.42
0.00241875 6.25e-06 0 0 0 0 0 0 8716 1234.94 3683.5 12 2221.39
0.002425 6.25e-06 0 0 0 0 0 0 8749 1242.47 3668.21 12 1161.54
0.00243125 6.25e-06 0 0 0 0 0 0 8737 1247.88 3659.31 12 1614.59
0.0024375 6.25e-06 0 0 0 0 0 0 8773 1256.01 3642.6 12 1078.72
0.00244375 6.25e-06 0 0 0 0 0 0 8746 1261.47 3633.79 12 1604.15
0.00245 6.25e-06 0 0 0 0 0 0 8698 1270.71 3614.19 12 940.557
0.00245625 6.25e-06 0 0 0 0 0 0 8674 1275.88 3606.35 12 1679.13
0.0024625 6.25e-06 0 0 0 0 0 0 8662 1280.57 3599.9 12 1845.65
0.00246875 6.25e-06 0 0 0 0 0 0 8611 1285.86 3591.79 12 1628.37
0.002475 6.25e-06 0 0 0 0 0 0 8617 1292.12 3581.07 12 1377.45
0.00248125 6.25e-06 0 0 0 0 0 0 8566 1297.56 3572.64 12 1572.81
0.0024875 6.25e-06 0 0 0 0 0 0 8578 1308.08 3550.47 12 815.614
0.00249375 6.25e-06 0 0 0 0 0 0 8554 1315.95 3535.75 12 1087.57
0.0025 6.25e-06 0 0 0 0 0 0 8575 1319.29 3533.29 12 2563.08
0.00250625 6.25e-06 0 0 0 0 0 0 8536 1324.21 3526.6 12 1734.28
0.0025125 6.25e-06 0 0 0 0 0 0 8560 1332.71 3510.54 12 1007.46
0.00251875 6.25e-06 0 0 0 0 0 0 8482 1336.38 3507.25 12 2312.88
0.002525 6.25e-06 0 0 0 0 0 0 8506 1338.1 3509.08 12 4927.58
0.00253125 6.25e-06 0 0 0 0 0 0 8455 1339.42 3511.96 12 6443.91
0.0025375 6.25e-06 0 0 0 0 0 0 8449 1340.61 3515.12 12 7049.55
0.00255 6.25e-06 0 0 0 0 0 0 8380 1342.54 3522.57 12 8426.25
0.0025625 6.25e-06 0 0 0 0 0 0 8329 1344.27 3530.46 12 8331.19
0.002575 6.25e-06 0 0 0 0 0 0 8269 1345.6 3539.24 12 13922.4
0.0025875 6.25e-06 0 0 0 0 0 0 8209 1347.05 3547.63 12 11634.3
0.00259375 6.25e-06 0 0 0 0 0 0 8200 1348.05 3551.08 12 8187.87
0.00260625 6.25e-06 0 0 0 0 0 0 8194 1349.93 3558.28 12 9303.66
0.0026125 6.25e-06 0 0 0 0 0 0 8146 1351.46 3560.28 12 5325.36
0.002625 6.25e-06 0 0 0 0 0 0 8083 1352.82 3568.66 12 10753.4
0.0026375 6.25e-06 0 0 0 0 0 0 8017 1354.19 3576.93 12 12891.5
0.00265 6.25e-06 0 0 0 0 0 0 8017 1355.48 3585.35 12 10228.3
0.0026625 6.25e-06 0 0 0 0 0 0 8014 1356.97 3593.23 12 12505
0.002675 6.25e-06 0 0 0 0 0 0 8002 1358.29 3601.49 12 11013.2
0.0026875 6.25e-06 0 0 0 0 0 0 7975 1359.91 3608.92 12 12201.8
0.0027 6.25e-06 0 0 0 0 0 0 7927 1361.69 3615.88 12 6760.08
0.00270625 6.25e-06 0 0 0 0 0 0 7891 1362.89 3618.47 12 6548.51
0.00271875 6.25e-06 0 0 0 0 0 0 7807 1364.37 3626.02 12 12029.8
0.00273125 6.25e-06 0 0 0 0 0 0 7753 1365.64 3634.03 12 15846.3
0.00274375 6.25e-06 0 0 0 0 0 0 7753 1367.07 3641.57 12 10525.9
0.00275 6.25e-06 0 0 0 0 0 0 7747 1369.22 3641.51 12 3605.59
0.0027625 6.25e-06 0 0 0 0 0 0 7696 1371.71 3646.15 12 4385.5
0.002775 6.25e-06 0 0 0 0 0 0 7618 1373.08 3653.62 12 9930.81
0.0027875 6.25e-06 0 0 0 0 0 0 7579 1374.15 3661.84 12 14384.9
0.0028 6.25e-06 0 0 0 0 0 0 7528 1375.43 3669.38 12 13193.2
0.0028125 6.25e-06 0 0 0 0 0 0 7507 1376.82 3676.61 12 15474.8
0.002825 6.25e-06 0 0 0 0 0 0 7480 1378.09 3684.07 12 13206.9
0.0028375 6.25e-06 0 0 0 0 0 0 7411 1379.22 3691.82 12 11443.2
0.00285625 6.25e-06 0 0 0 0 0 0 7345 1380.9 3703.33 12 10506.5
0.00286875 6.25e-06 0 0 0 0 0 0 7297 1382.48 3709.66 12 11116.2
0.00288125 6.25e-06 0 0 0 0 0 0 7288 1383.52 3717.44 12 12386.9
0.00289375 6.25e-06 0 0 0 0 0 0 7237 1384.56 3725.09 12 16071
0.00290625 6.25e-06 0 0 0 0 0 0 7189 1386.13 3731.28 12 7869.07
0.00291875 6.25e-06 0 0 0 0 0 0 7141 1387.21 3738.7 12 14677.7
0.00293125 6.25e-06 0 0 0 0 0 0 7138 1388.34 3745.95 12 14923.3
0.00294375 6.25e-06 0 0 0 0 0 0 7138 1389.96 3751.83 12 6529.38
0.00295625 6.25e-06 0 0 0 0 0 0 7102 1392.25 3755.89 12 4196.74
0.00296875 6.25e-06 0 0 0 0 0 0 7045 1393.27 3763.29 12 15204.9
0.00298125 6.25e-06 0 0 0 0 0 0 7024 1396.37 3764.99 12 2883.12
0.0029875 6.25e-06 0 0 0 0 0 0 7030 1402.7 3753.01 12 1110.57
0.00299375 6.25e-06 0 0 0 0 0 0 6994 1404.29 3753.74 12 4404.87
0.003 6.25e-06 0 0 0 0 0 0 6964 1405.53 3755.39 12 5623.1
0.00300667 6.66667e-06 0 0 0 0 0 0 6961 1407.76 3754.37 12 3111.15
0.00301333 6.66667e-06 0 0 0 0 0 0 6964 1409.7 3754.14 12 3591.3
0.00302 6.66667e-06 0 0 0 0 0 0 6961 1412.89 3750.62 12 2187.82
0.00302667 6.66667e-06 0 0 0 0 0 0 6952 1418.05 3741.87 12 1346.79
0.00303333 6.66667e-06 0 0 0 0 0 0 6916 1423.81 3731.59 12 1200.84
0.00304 6.66667e-06 0 0 0 0 0 0 6928 1429.62 3721.25 12 1190.89
0.00304667 6.66667e-06 0 0 0 0 0 0 6931 1434.49 3713.47 12 1425.32
0.00305333 6.66667e-06 0 0 0 0 0 0 6937 1437.88 3709.53 12 2045.93
0.00306 6.66667e-06 0 0 0 0 0 0 6925 1445.31 3695.26 12 932.271
0.00306667 6.66667e-06 0 0 0 0 0 0 6901 1451.26 3684.85 12 1158.35
0.00307333 6.66667e-06 0 0 0 0 0 0 6886 1455.12 3679.81 12 1785.73
0.00308 6.66667e-06 0 0 0 0 0 0 6895 1457.73 3677.95 12 2641.37
0.00308667 6.66667e-06 0 0 0 0 0 0 6880 1462.01 3671.9 12 1608.76
0.00309333 6.66667e-06 0 0 0 0 0 0 6844 1469.44 3657.98 12 920.48
0.00310667 6.66667e-06 0 0 0 0 0 0 6874 1471.85 3661.32 12 4081.37
0.00311333 6.66667e-06 0 0 0 0 0 0 6841 1472.92 3663.3 12 6393.38
0.00312 6.66667e-06 0 0 0 0 0 0 6832 1474.89 3663.04 12 3469.39
0.00312667 6.66667e-06 0 0 0 0 0 0 6817 1477.18 3661.98 12 2975.53
0.00313333 6.66667e-06 0 0 0 0 0 0 6805 1478.63 3662.99 12 4696.14
0.00314 6.66667e-06 0 0 0 0 0 0 6814 1480.42 3663.16 12 3805.19
0.00314667 6.66667e-06 0 0 0 0 0 0 6808 1481.54 3665 12 6101.79
0.00316 6.66667e-06 0 0 0 0 0 0 6781 1484.35 3667.21 12 3641.41
0.00316667 6.66667e-06 0 0 0 0 0 0 6766 1485.73 3668.35 12 4893.67
0.00317333 6.66667e-06 0 0 0 0 0 0 6721 1488.25 3666.65 12 2664.39
0.00318 6.66667e-06 0 0 0 0 0 0 6709 1491.88 3662.23 12 1850.64
0.00318667 6.66667e-06 0 0 0 0 0 0 6700 1497.96 3651.83 12 1101.19
0.00319333 6.66667e-06 0 0 0 0 0 0 6688 1503.88 3641.9 12 1129.81
0.0032 6.66667e-06 0 0 0 0 0 0 6688 1508.66 3634.8 12 1399.26
0.00320667 6.66667e-06 0 0 0 0 0 0 6679 1511.15 3633.23 12 2683.42
0.00321333 6.66667e-06 0 0 0 0 0 0 6673 1515.01 3628.39 12 1731.36
0.00322 6.66667e-06 0 0 0 0 0 0 6646 1516.35 3629.57 12 4952.65
0.00322667 6.66667e-06 0 0 0 0 0 0 6622 1520.63 3623.69 12 1544.48
0.00323333 6.66667e-06 0 0 0 0 0 0 6601 1523.19 3621.95 12 2586.4
0.00324 6.66667e-06 0 0 0 0 0 0 6628 1525.16 3621.6 12 3352.35
0.00324667 6.66667e-06 0 0 0 0 0 0 6637 1526.78 3622.11 12 4101.1
0.00326 6.66667e-06 0 0 0 0 0 0 6619 1528.25 3627.27 12 8788.88
0.00326667 6.66667e-06 0 0 0 0 0 0 6586 1529.26 3629.2 12 6553.86
0.00327333 6.66667e-06 0 0 0 0 0 0 6580 1537.6 3613.79 12 789.065
0.00328 6.66667e-06 0 0 0 0 0 0 6604 1539.74 3613.06 12 3084.28
0.00328667 6.66667e-06 0 0 0 0 0 0 6592 1541.21 3613.9 12 4493.72
0.00329333 6.66667e-06 0 0 0 0 0 0 6571 1542.39 3615.37 12 5534.62
0.0033 6.66667e-06 0 0 0 0 0 0 6571 1543.82 3616.3 12 4621.02
0.00330714 7.14286e-06 0 0 0 0 0 0 6571 1546.68 3613.84 12 2291.27
0.00331429 7.14286e-06 0 0 0 0 0 0 6547 1547.95 3615.11 12 5156.04
0.00332143 7.14286e-06 0 0 0 0 0 0 6568 1549.26 3616.3 12 5034.13
0.00333571 7.14286e-06 0 0 0 0 0 0 6511 1552.38 3617.44 12 2685.09
0.00334286 7.14286e-06 0 0 0 0 0 0 6514 1555.72 3613.86 12 1951.28
0.00335 7.14286e-06 0 0 0 0 0 0 6496 1557.9 3612.97 12 2978.58
0.00335714 7.14286e-06 0 0 0 0 0 0 6475 1559.3 3613.88 12 4629.82
0.00336429 7.14286e-06 0 0 0 0 0 0 6457 1561.2 3613.63 12 3406.35
0.00337143 7.14286e-06 0 0 0 0 0 0 6439 1562.6 3614.51 12 4588.53
0.00337857 7.14286e-06 0 0 0 0 0 0 6445 1564.57 3614.08 12 3271.69
0.00338571 7.14286e-06 0 0 0 0 0 0 6427 1565.72 3615.51 12 5564.93
0.00339286 7.14286e-06 0 0 0 0 0 0 6430 1567.46 3615.6 12 3696.03
0.00340714 7.14286e-06 0 0 0 0 0 0 6427 1569.63 3618.79 12 5197.66
0.00342143 7.14286e-06 0 0 0 0 0 0 6391 1571.39 3622.89 12 7327.5
0.00342857 7.14286e-06 0 0 0 0 0 0 6361 1574.82 3619.03 12 1852.45
0.00343571 7.14286e-06 0 0 0 0 0 0 6370 1581.68 3607.37 12 929.321
0.00344286 7.14286e-06 0 0 0 0 0 0 6352 1589.82 3592.9 12 780.21
0.00345 7.14286e-06 0 0 0 0 0 0 6367 1594.39 3586.58 12 1391.36
0.00345714 7.14286e-06 0 0 0 0 0 0 6373 1595.72 3587.6 12 4822.32
0.00346429 7.14286e-06 0 0 0 0 0 0 6355 1601.44 3578.74 12 1109.48
0.00347143 7.14286e-06 0 0 0 0 0 0 6358 1606.55 3571.31 12 1243.92
0.00347857 7.14286e-06 0 0 0 0 0 0 6346 1612.71 3561.61 12 1030.57
0.00348571 7.14286e-06 0 0 0 0 0 0 6358 1619.67 3550.23 12 913.634
0.00349286 7.14286e-06 0 0 0 0 0 0 6358 1624.3 3544.02 12 1372.77
0.0035 7.14286e-06 0 0 0 0 0 0 6358 1629.44 3536.75 12 1237.35
0.00350769 7.69231e-06 0 0 0 0 0 0 6331 1639.02 3519.94 12 660.904
0.00351538 7.69231e-06 0 0 0 0 0 0 6328 1646.73 3507.3 12 820.475
0.00352308 7.69231e-06 0 0 0 0 0 0 6304 1649.82 3504.55 12 2041.25
0.00353077 7.69231e-06 0 0 0 0 0 0 6301 1651.49 3504.83 12 3778.09
0.00353846 7.69231e-06 0 0 0 0 0 0 6301 1652.68 3506.12 12 5294.85
0.00354615 7.69231e-06 0 0 0 0 0 0 6274 1654.29 3506.5 12 3898.25
0.00355385 7.69231e-06 0 0 0 0 0 0 6268 1656.72 3505.14 12 2579.98
0.00356154 7.69231e-06 0 0 0 0 0 0 6268 1658.15 3505.89 12 4371.96
0.00356923 7.69231e-06 0 0 0 0 0 0 6235 1659.87 3506.01 12 3619.48
0.00357692 7.69231e-06 0 0 0 0 0 0 6211 1661.94 3505.39 12 3010.74
0.00358462 7.69231e-06 0 0 0 0 0 0 6196 1668.39 3495.54 12 959.688
0.00359231 7.69231e-06 0 0 0 0 0 0 6151 1671.96 3491.76 12 1724.3
0.0036 7.69231e-06 0 0 0 0 0 0 6139 1678.29 3482.25 12 969.806
0.00360769 7.69231e-06 0 0 0 0 0 0 6142 1681.88 3478.48 12 1712.13
0.00362308 7.69231e-06 0 0 0 0 0 0 6121 1683.5 3482.4 12 7948.36
0.00363846 7.69231e-06 0 0 0 0 0 0 6070 1684.53 3487.51 12 9660.45
0.00364615 7.69231e-06 0 0 0 0 0 0 6061 1686.12 3487.81 12 3795.65
0.00365385 7.69231e-06 0 0 0 0 0 0 6055 1688.2 3487.1 12 2915.43
0.00366154 7.69231e-06 0 0 0 0 0 0 6040 1689.27 3488.47 12 5655.99
0.00366923 7.69231e-06 0 0 0 0 0 0 6019 1698.08 3473.91 12 682.794
0.00367692 7.69231e-06 0 0 0 0 0 0 6013 1705.01 3463.31 12 867.625
0.00368462 7.69231e-06 0 0 0 0 0 0 6004 1706.4 3464.02 12 4334.91
0.00369231 7.69231e-06 0 0 0 0 0 0 6004 1709.04 3462.19 12 2276.62
0.0037 7.69231e-06 0 0 0 0 0 0 6007 1711.49 3460.73 12 2444.42
0.00370769 7.69231e-06 0 0 0 0 0 0 5995 1713.52 3460.14 12 2960.24
0.00371538 7.69231e-06 0 0 0 0 0 0 6004 1715.01 3460.62 12 4013.87
0.00372308 7.69231e-06 0 0 0 0 0 0 5998 1716.24 3461.65 12 4905.59
0.00373077 7.69231e-06 0 0 0 0 0 0 5995 1722.38 3452.78 12 975.412
0.00373846 7.69231e-06 0 0 0 0 0 0 5983 1727.49 3446.04 12 1172.13
0.00374615 7.69231e-06 0 0 0 0 0 0 5962 1731.32 3441.86 12 1557.27
0.00375385 7.69231e-06 0 0 0 0 0 0 5962 1735.25 3437.49 12 1513.97
0.00376154 7.69231e-06 0 0 0 0 0 0 5959 1738.13 3435.23 12 2074.06
0.00376923 7.69231e-06 0 0 0 0 0 0 5965 1740.23 3434.51 12 2835.34
0.00377692 7.69231e-06 0 0 0 0 0 0 5959 1747.32 3423.99 12 840.926
0.00378462 7.69231e-06 0 0 0 0 0 0 5947 1752.31 3417.63 12 1191.72
0.00379231 7.69231e-06 0 0 0 0 0 0 5935 1758.33 3409.31 12 986.051
0.0038 7.69231e-06 0 0 0 0 0 0 5917 1763.31 3403.02 12 1186.39
0.00380833 8.33333e-06 0 0 0 0 0 0 5887 1767.5 3398.29 12 1405.31
0.00381667 8.33333e-06 0 0 0 0 0 0 5875 1770.29 3396.25 12 2107.84
0.003825 8.33333e-06 0 0 0 0 0 0 5863 1775.91 3388.82 12 1044.07
0.00383333 8.33333e-06 0 0 0 0 0 0 5857 1778.49 3387.19 12 2267.3
0.00384167 8.33333e-06 0 0 0 0 0 0 5842 1783.25 3381.42 12 1226.54
0.00385 8.33333e-06 0 0 0 0 0 0 5839 1785.54 3380.36 12 2556.8
0.00385833 8.33333e-06 0 0 0 0 0 0 5827 1792.22 3371.01 12 872.265
0.00386667 8.33333e-06 0 0 0 0 0 0 5791 1799.58 3360.44 12 786.763
0.003875 8.33333e-06 0 0 0 0 0 0 5797 1804.92 3353.7 12 1084.03
0.00388333 8.33333e-06 0 0 0 0 0 0 5803 1807.83 3351.52 12 1997.41
0.00389167 8.33333e-06 0 0 0 0 0 0 5806 1813.06 3345.05 12 1109.47
0.0039 8.33333e-06 0 0 0 0 0 0 5785 1819.77 3335.9 12 862.344
0.00390833 8.33333e-06 0 0 0 0 0 0 5791 1823.34 3332.53 12 1620.8
0.00391667 8.33333e-06 0 0 0 0 0 0 5785 1826.35 3330.21 12 1921.91
0.003925 8.33333e-06 0 0 0 0 0 0 5788 1830.52 3325.79 12 1389.64
0.00393333 8.33333e-06 0 0 0 0 0 0 5785 1834.12 3322.43 12 1608.45
0.00394167 8.33333e-06 0 0 0 0 0 0 5779 1836.51 3321.24 12 2411.36
0.00395 8.33333e-06 0 0 0 0 0 0 5794 1842.21 3314.11 12 1017.1
0.00395833 8.33333e-06 0 0 0 0 0 0 5779 1850.88 3301.71 12 666.382
0.00396667 8.33333e-06 0 0 0 0 0 0 5779 1853.34 3300.45 12 2352.02
0.003975 8.33333e-06 0 0 0 0 0 0 5785 1854.51 3301.49 12 4949.14
0.00398333 8.33333e-06 0 0 0 0 0 0 5767 1857.96 3298.45 12 1668.19
0.00399167 8.33333e-06 0 0 0 0 0 0 5749 1859.6 3298.64 12 3512.25
0.004 8.33333e-06 0 0 0 0 0 0 5740 1861.81 3297.81 12 2601.71
0.00400833 8.33333e-06 0 0 0 0 0 0 5728 1863.44 3298 12 3516.99
0.00401667 8.33333e-06 0 0 0 0 0 0 5710 1865.42 3297.56 12 2882.02
0.004025 8.33333e-06 0 0 0 0 0 0 5668 1866.54 3298.62 12 5058.74
0.00403333 8.33333e-06 0 0 0 0 0 0 5647 1867.64 3299.69 12 5115.29
0.00404167 8.33333e-06 0 0 0 0 0 0 5617 1872.66 3293.85 12 1119.79
0.00405 8.33333e-06 0 0 0 0 0 0 5599 1877.31 3288.67 12 1203.83
0.00405833 8.33333e-06 0 0 0 0 0 0 5575 1881.57 3284.19 12 1308.1
0.00406667 8.33333e-06 0 0 0 0 0 0 5566 1886.32 3278.87 12 1171.92
0.004075 8.33333e-06 0 0 0 0 0 0 5557 1895.03 3266.73 12 637.739
0.00408333 8.33333e-06 0 0 0 0 0 0 5557 1900.91 3259.55 12 945.593
0.00409167 8.33333e-06 0 0 0 0 0 0 5533 1907.39 3251.37 12 853.41
0.00410909 9.09091e-06 0 0 0 0 0 0 5512 1909.01 3254.4 12 5541.82
0.00412727 9.09091e-06 0 0 0 0 0 0 5482 1910.29 3257.96 12 7353.44
0.00415455 9.09091e-06 0 0 0 0 0 0 5473 1911.75 3264.07 12 10518.7
0.00417273 9.09091e-06 0 0 0 0 0 0 5500 1913.29 3267.19 12 5268.08
0.00418182 9.09091e-06 0 0 0 0 0 0 5491 1914.63 3267.76 12 4083.76
0.0042 9.09091e-06 0 0 0 0 0 0 5467 1915.82 3271.45 12 14699.7
0.00421818 9.09091e-06 0 0 0 0 0 0 5467 1917.36 3274.53 12 7485.97
0.00424545 9.09091e-06 0 0 0 0 0 0 5455 1918.93 3280.37 12 8078.13
0.00427273 9.09091e-06 0 0 0 0 0 0 5383 1920.29 3286.49 12 13314.7
0.00429091 9.09091e-06 0 0 0 0 0 0 5380 1921.37 3290.26 12 9688.18
0.00430909 9.09091e-06 0 0 0 0 0 0 5362 1922.57 3293.79 12 6405.36
0.00433636 9.09091e-06 0 0 0 0 0 0 5287 1924.12 3299.4 12 8069.78
0.00434545 9.09091e-06 0 0 0 0 0 0 5266 1925.36 3300.02 12 4266.27
0.00436364 9.09091e-06 0 0 0 0 0 0 5251 1926.41 3303.68 12 13340.3
0.00438182 9.09091e-06 0 0 0 0 0 0 5269 1927.54 3307.21 12 8795.56
0.0044 9.09091e-06 0 0 0 0 0 0 5266 1928.57 3310.89 12 7960.68
0.00441818 9.09091e-06 0 0 0 0 0 0 5284 1929.9 3314.09 12 15194.3
0.00443636 9.09091e-06 0 0 0 0 0 0 5284 1930.95 3317.76 12 10129.1
0.00445455 9.09091e-06 0 0 0 0 0 0 5296 1932.06 3321.33 12 9306.28
0.00447273 9.09091e-06 0 0 0 0 0 0 5287 1933.14 3324.95 12 15002.3
0.0045 9.09091e-06 0 0 0 0 0 0 5221 1935.41 3329.17 12 4013.96
0.00452 1e-05 0 0 0 0 0 0 5191 1937.19 3331.49 12 6036.34
0.00454 1e-05 0 0 0 0 0 0 5152 1938.61 3334.37 12 8844.94
0.00456 1e-05 0 0 0 0 0 0 5110 1939.74 3337.71 12 7483.29
0.00458 1e-05 0 0 0 0 0 0 5062 1940.78 3341.15 12 7821.66
0.0046 1e-05 0 0 0 0 0 0 5047 1941.81 3344.58 12 9316.38
0.00462 1e-05 0 0 0 0 0 0 5032 1943.4 3347.03 12 8091.83
0.00464 1e-05 0 0 0 0 0 0 5020 1945.27 3348.98 12 4617.81
0.00466 1e-05 0 0 0 0 0 0 4996 1946.31 3352.32 12 13524.8
0.00469 1e-05 0 0 0 0 0 0 5005 1947.76 3357.54 12 9981.65
0.00471 1e-05 0 0 0 0 0 0 4990 1948.97 3360.59 12 6666.19
0.00473 1e-05 0 0 0 0 0 0 4963 1950.11 3363.72 12 7891.92
0.00475 1e-05 0 0 0 0 0 0 4915 1951.68 3366.08 12 4106.67
0.00478 1e-05 0 0 0 0 0 0 4906 1953.04 3371.28 12 13459.1
0.00481 1e-05 0 0 0 0 0 0 4885 1954.7 3375.9 12 6511.26
0.00483 1e-05 0 0 0 0 0 0 4846 1956.25 3378.21 12 7748.36
0.00486 1e-05 0 0 0 0 0 0 4849 1957.47 3383.52 12 13769.7
0.00489 1e-05 0 0 0 0 0 0 4852 1958.88 3388.52 12 9486.18
0.00491 1e-05 0 0 0 0 0 0 4834 1960.05 3391.44 12 6161.24
0.00494 1e-05 0 0 0 0 0 0 4810 1961.56 3396.19 12 8349.39
0.00497 1e-05 0 0 0 0 0 0 4789 1962.83 3401.34 12 13878.5
0.005 1e-05 0 0 0 0 0 0 4717 1964.2 3406.19 12 9263.39
0.00501111 1.11111e-05 0 0 0 0 0 0 4714 1965.79 3405.84 12 2971.06
0.00504444 1.11111e-05 0 0 0 0 0 0 4681 1967.08 3410.76 12 13918.2
0.00507778 1.11111e-05 0 0 0 0 0 0 4648 1968.47 3415.47 12 8357.82
0.00511111 1.11111e-05 0 0 0 0 0 0 4639 1970.21 3419.51 12 5214.96
0.00514444 1.11111e-05 0 0 0 0 0 0 4627 1971.43 3424.43 12 13171.2
0.00517778 1.11111e-05 0 0 0 0 0 0 4594 1972.81 3429.04 12 9155.01
0.00521111 1.11111e-05 0 0 0 0 0 0 4561 1974.52 3433.01 12 5373.62
0.00523333 1.11111e-05 0 0 0 0 0 0 4525 1975.67 3435.6 12 5512.28
0.00526667 1.11111e-05 0 0 0 0 0 0 4480 1977.16 3439.82 12 7379.38
0.0053 1.11111e-05 0 0 0 0 0 0 4486 1978.38 3444.52 12 13334.7
0.00532222 1.11111e-05 0 0 0 0 0 0 4450 1979.77 3446.6 12 7288.14
0.00535556 1.11111e-05 0 0 0 0 0 0 4438 1981.04 3451.1 12 12827.5
0.00538889 1.11111e-05 0 0 0 0 0 0 4408 1982.41 3455.4 12 9012.34
0.00541111 1.11111e-05 0 0 0 0 0 0 4396 1983.55 3457.86 12 6186.68
0.00544444 1.11111e-05 0 0 0 0 0 0 4378 1984.93 3462.07 12 8734.23
0.00546667 1.11111e-05 0 0 0 0 0 0 4363 1986.42 3463.88 12 7188.41
0.0055 1.11111e-05 0 0 0 0 0 0 4333 1987.65 3468.3 12 13082.1
0.00552222 1.11111e-05 0 0 0 0 0 0 4303 1988.97 3470.32 12 7288.28
0.00555556 1.11111e-05 0 0 0 0 0 0 4270 1990.32 3474.43 12 10447.7
0.00558889 1.11111e-05 0 0 0 0 0 0 4258 1991.61 3478.6 12 8492.14
0.00561111 1.11111e-05 0 0 0 0 0 0 4246 1992.63 3481.08 12 6056.31
0.00564444 1.11111e-05 0 0 0 0 0 0 4225 1994.14 3484.81 12 7057.3
0.00567778 1.11111e-05 0 0 0 0 0 0 4180 1996 3487.86 12 4480.08
0.0057125 1.25e-05 0 0 0 0 0 0 4159 1997.68 3491.18 12 5606.18
0.00575 1.25e-05 0 0 0 0 0 0 4099 1999.21 3494.69 12 6962.09
0.0057875 1.25e-05 0 0 0 0 0 0 4093 2000.41 3498.73 12 12529.7
0.0058125 1.25e-05 0 0 0 0 0 0 4096 2001.83 3500.35 12 4682.02
0.00585 1.25e-05 0 0 0 0 0 0 4063 2003.02 3504.38 12 12363.4
0.0058875 1.25e-05 0 0 0 0 0 0 4051 2004.41 3508.01 12 7476.97
0.0059125 1.25e-05 0 0 0 0 0 0 4036 2006.14 3509 12 2877.44
0.00595 1.25e-05 0 0 0 0 0 0 4009 2007.29 3513.01 12 11905
0.0059875 1.25e-05 0 0 0 0 0 0 3970 2008.65 3516.58 12 7808.72
0.0060125 1.25e-05 0 0 0 0 0 0 3943 2009.74 3518.61 12 5208.84
0.00605 1.25e-05 0 0 0 0 0 0 3901 2011.96 3520.57 12 3018.17
0.0060875 1.25e-05 0 0 0 0 0 0 3886 2013.15 3524.27 12 12355.1
0.0061125 1.25e-05 0 0 0 0 0 0 3877 2014.55 3525.67 12 4226.92
0.0061375 1.25e-05 0 0 0 0 0 0 3859 2016.24 3526.56 12 2916.8
0.006175 1.25e-05 0 0 0 0 0 0 3859 2017.39 3530.28 12 10365.6
0.0062125 1.25e-05 0 0 0 0 0 0 3817 2019.12 3532.95 12 4355.82
0.00625 1.25e-05 0 0 0 0 0 0 3778 2020.25 3536.6 12 11694
0.0062875 1.25e-05 0 0 0 0 0 0 3775 2021.65 3539.77 12 6955.37
0.0063125 1.25e-05 0 0 0 0 0 0 3757 2022.74 3541.57 12 5135.8
0.00635 1.25e-05 0 0 0 0 0 0 3733 2024.19 3544.59 12 7301.14
0.0063875 1.25e-05 0 0 0 0 0 0 3724 2025.36 3548.06 12 11930.2
0.0064 1.25e-05 0 0 0 0 0 0 3715 2026.53 3547.84 12 3174.99
0.006425 1.25e-05 0 0 0 0 0 0 3709 2027.77 3549.34 12 11529.9
0.0064625 1.25e-05 0 0 0 0 0 0 3664 2029.09 3552.47 12 7429.17
0.0065 1.25e-05 0 0 0 0 0 0 3628 2030.24 3555.82 12 12468.7
0.006525 1.25e-05 0 0 0 0 0 0 3619 2031.27 3557.6 12 12370.2
0.0065625 1.25e-05 0 0 0 0 0 0 3613 2032.65 3560.51 12 6402.46
0.0066 1.25e-05 0 0 0 0 0 0 3568 2033.81 3563.76 12 11720.1
0.006625 1.25e-05 0 0 0 0 0 0 3532 2034.9 3565.35 12 10067.8
0.00665 1.25e-05 0 0 0 0 0 0 3493 2037.3 3564.57 12 2389.24
0.0066875 1.25e-05 0 0 0 0 0 0 3496 2038.39 3567.82 12 11179.4
0.0067125 1.25e-05 0 0 0 0 0 0 3478 2039.89 3568.61 12 4206.51
0.0067375 1.25e-05 0 0 0 0 0 0 3424 2041.41 3569.32 12 2782.03
0.00675 1.25e-05 0 0 0 0 0 0 3418 2042.72 3568.7 12 2602.65
0.0067625 1.25e-05 0 0 0 0 0 0 3403 2044.12 3567.92 12 2432.17
0.0067875 1.25e-05 0 0 0 0 0 0 3385 2045.54 3568.76 12 4323.7
0.0068 1.25e-05 0 0 0 0 0 0 3376 2046.58 3568.59 12 3239.26
0.006825 1.25e-05 0 0 0 0 0 0 3367 2047.81 3569.74 12 6153.42
0.0068625 1.25e-05 0 0 0 0 0 0 3325 2048.86 3572.79 12 10893.7
0.0069 1.25e-05 0 0 0 0 0 0 3289 2049.92 3575.78 12 12103.8
0.006925 1.25e-05 0 0 0 0 0 0 3292 2050.94 3577.21 12 12171.8
0.0069625 1.25e-05 0 0 0 0 0 0 3259 2052.34 3579.54 12 5730.49
0.007 1.25e-05 0 0 0 0 0 0 3220 2053.43 3582.37 12 12030.5
0.0070375 1.25e-05 0 0 0 0 0 0 3205 2054.83 3584.61 12 6389.91
0.007075 1.25e-05 0 0 0 0 0 0 3172 2055.91 3587.38 12 12530.5
0.0071 1.25e-05 0 0 0 0 0 0 3136 2057.03 3588.49 12 11918.8
0.007125 1.25e-05 0 0 0 0 0 0 3115 2058.1 3589.65 12 12064.9
0.0071625 1.25e-05 0 0 0 0 0 0 3052 2059.2 3592.2 12 9054.82
0.0071875 1.25e-05 0 0 0 0 0 0 3013 2062.11 3590.06 12 1179.5
0.0072 1.25e-05 0 0 0 0 0 0 3007 2063.78 3588.61 12 1799.83
0.0072125 1.25e-05 0 0 0 0 0 0 3004 2064.91 3588.12 12 2677.4
0.0072375 1.25e-05 0 0 0 0 0 0 2980 2067.4 3586.67 12 1527.93
0.0072625 1.25e-05 0 0 0 0 0 0 2938 2069.59 3585.74 12 2071.75
0.007275 1.25e-05 0 0 0 0 0 0 2932 2070.72 3585.19 12 2583.96
0.0073 1.25e-05 0 0 0 0 0 0 2908 2072.57 3584.81 12 2551.15
0.007325 1.25e-05 0 0 0 0 0 0 2884 2074.03 3585.07 12 5335.3
0.0073375 1.25e-05 0 0 0 0 0 0 2869 2078.31 3579.06 12 669.694
0.0073625 1.25e-05 0 0 0 0 0 0 2839 2079.36 3579.98 12 10465.2
0.0073875 1.25e-05 0 0 0 0 0 0 2818 2080.5 3580.74 12 3945.14
0.007425 1.25e-05 0 0 0 0 0 0 2785 2081.73 3582.66 12 11866.6
0.00745 1.25e-05 0 0 0 0 0 0 2761 2083.21 3582.75 12 3315.82
0.0075 1.25e-05 0 0 0 0 0 0 2725 2084.41 3585.94 12 11471.2
0.0075375 1.25e-05 0 0 0 0 0 0 2689 2085.84 3587.37 12 5321.72
0.0075875 1.25e-05 0 0 0 0 0 0 2656 2087.65 3589.37 12 3030.19
0.007625 1.25e-05 0 0 0 0 0 0 2641 2088.87 3591.07 12 10766.1
0.007675 1.25e-05 0 0 0 0 0 0 2599 2090.3 3593.61 12 5274.22
0.00771429 1.42857e-05 0 0 0 0 0 0 2560 2091.53 3595.2 12 4248.41
0.00777143 1.42857e-05 0 0 0 0 0 0 2524 2092.97 3597.56 12 5039.02
0.00781429 1.42857e-05 0 0 0 0 0 0 2488 2094.09 3599.22 12 3809.98
0.00785714 1.42857e-05 0 0 0 0 0 0 2446 2095.14 3600.94 12 7364.12
0.0079 1.42857e-05 0 0 0 0 0 0 2422 2096.17 3602.65 12 7209
0.00792857 1.42857e-05 0 0 0 0 0 0 2419 2097.7 3602.32 12 2623.71
0.00797143 1.42857e-05 0 0 0 0 0 0 2410 2098.83 3603.83 12 6355.2
0.00801429 1.42857e-05 0 0 0 0 0 0 2404 2100.09 3605.1 12 3534.76
0.00807143 1.42857e-05 0 0 0 0 0 0 2389 2101.31 3607.58 12 9958.94
0.00811429 1.42857e-05 0 0 0 0 0 0 2377 2102.67 3608.64 12 3411.09
0.00817143 1.42857e-05 0 0 0 0 0 0 2368 2103.86 3611.12 12 9985.24
0.00821429 1.42857e-05 0 0 0 0 0 0 2335 2105.31 3611.97 12 3278.76
0.00827143 1.42857e-05 0 0 0 0 0 0 2299 2106.62 3614.11 12 7164.56
0.00831429 1.42857e-05 0 0 0 0 0 0 2251 2108.12 3614.76 12 2515.88
0.00837143 1.42857e-05 0 0 0 0 0 0 2221 2109.29 3617 12 9919.78
0.00841667 1.66667e-05 0 0 0 0 0 0 2200 2110.64 3617.81 12 3305.72
0.00848333 1.66667e-05 0 0 0 0 0 0 2152 2111.73 3620.05 12 10181.4
0.00853333 1.66667e-05 0 0 0 0 0 0 2080 2113.12 3620.66 12 4601.55
0.0086 1.66667e-05 0 0 0 0 0 0 2044 2114.26 3622.63 12 10285.2
0.00865 1.66667e-05 0 0 0 0 0 0 2029 2115.49 3623.39 12 6275.96
0.00871667 1.66667e-05 0 0 0 0 0 0 1960 2116.87 3624.76 12 3406.56
0.00875 1.66667e-05 0 0 0 0 0 0 1975 2118.24 3624.28 12 3078.86
0.00881667 1.66667e-05 0 0 0 0 0 0 1924 2119.82 3625.24 12 2609.31
0.00888333 1.66667e-05 0 0 0 0 0 0 1906 2120.83 3627.11 12 5393.06
0.00894 2e-05 0 0 0 0 0 0 1906 2122 3627.82 12 8808.13
0.00902 2e-05 0 0 0 0 0 0 1891 2123.47 3628.88 12 2914.54
0.0091 2e-05 0 0 0 0 0 0 1888 2124.58 3630.54 12 6176.23
0.00916 2e-05 0 0 0 0 0 0 1885 2125.93 3630.91 12 4092.81
0.00922 2e-05 0 0 0 0 0 0 1882 2126.94 3631.83 12 3094.69
0.00928 2e-05 0 0 0 0 0 0 1882 2128.33 3632.12 12 2165.06
0.00932 2e-05 0 0 0 0 0 0 1879 2129.49 3631.9 12 2136.86
0.0094 2e-05 0 0 0 0 0 0 1879 2130.52 3633.67 12 9639.9
0.00944 2e-05 0 0 0 0 0 0 1879 2131.92 3633.05 12 2440.07
0.00952 2e-05 0 0 0 0 0 0 1876 2133.57 3633.76 12 2299.63
0.0096 2e-05 0 0 0 0 0 0 1876 2134.62 3635.49 12 9729.58
0.00966 2e-05 0 0 0 0 0 0 1876 2135.69 3636.31 12 9658.9
0.00972 2e-05 0 0 0 0 0 0 1876 2137.03 3636.65 12 2563.07
0.00978 2e-05 0 0 0 0 0 0 1876 2138.26 3637.2 12 2236.66
0.00984 2e-05 0 0 0 0 0 0 1876 2139.44 3637.82 12 7886.2
0.00992 2e-05 0 0 0 0 0 0 1876 2140.84 3638.94 12 2930.46
0.01002 2e-05 0 0 0 0 0 0 1876 2142.5 3640.51 12 2869.52
0.0101 2e-05 0 0 0 0 0 0 1876 2143.57 3642.19 12 7551.67
0.01012 2e-05 0 0 0 0 0 0 1876 2144.82 3640.95 12 1505.25
0.0102 2e-05 0 0 0 0 0 0 1876 2146.09 3642.28 12 3926.98
0.01026 2e-05 0 0 0 0 0 0 1876 2147.26 3642.92 12 9797.06
0.0103 2e-05 0 0 0 0 0 0 1876 2148.52 3642.53 12 2263.34
0.01036 2e-05 0 0 0 0 0 0 1876 2149.7 3643.15 12 9816.03
0.01042 2e-05 0 0 0 0 0 0 1876 2150.95 3643.64 12 2932.35
0.0105 2e-05 0 0 0 0 0 0 1876 2151.97 3645.41 12 7867.71
0.01056 2e-05 0 0 0 0 0 0 1876 2153.03 3646.23 12 9343.51
0.01062 2e-05 0 0 0 0 0 0 1876 2154.43 3646.47 12 2338.83
0.0107 2e-05 0 0 0 0 0 0 1873 2155.48 3648.17 12 7862.71
0.01076 2e-05 0 0 0 0 0 0 1870 2156.58 3648.92 12 9512.42
0.01082 2e-05 0 0 0 0 0 0 1870 2157.89 3649.3 12 2786.27
0.01086 2e-05 0 0 0 0 0 0 1867 2158.89 3649.33 12 9832.63
0.01092 2e-05 0 0 0 0 0 0 1858 2160.2 3649.72 12 3501.82
0.011 2e-05 0 0 0 0 0 0 1858 2161.38 3651.15 12 5081.97
0.01106 2e-05 0 0 0 0 0 0 1849 2162.61 3651.65 12 5375.39
0.01112 2e-05 0 0 0 0 0 0 1846 2163.62 3652.51 12 3185.74
0.01122 2e-05 0 0 0 0 0 0 1828 2165.25 3653.99 12 2824.2
0.0113 2e-05 0 0 0 0 0 0 1783 2166.29 3655.58 12 7721.12
0.01136 2e-05 0 0 0 0 0 0 1762 2167.33 3656.26 12 9158.91
0.01142 2e-05 0 0 0 0 0 0 1759 2168.93 3656 12 1783.16
0.01152 2e-05 0 0 0 0 0 0 1744 2170.62 3657.19 12 2496.62
0.01162 2e-05 0 0 0 0 0 0 1699 2172.19 3658.5 12 2907.96
0.0117 2e-05 0 0 0 0 0 0 1696 2173.36 3659.64 12 6179.52
0.01176 2e-05 0 0 0 0 0 0 1696 2174.59 3659.91 12 3924.33
0.0118 2e-05 0 0 0 0 0 0 1696 2176.68 3657.95 12 984.197
0.01182 2e-05 0 0 0 0 0 0 1696 2177.94 3656.62 12 1348.67
0.01186 2e-05 0 0 0 0 0 0 1696 2179.1 3656.22 12 3351.08
0.01192 2e-05 0 0 0 0 0 0 1696 2180.12 3656.85 12 2851.27
0.01202 2e-05 0 0 0 0 0 0 1696 2181.81 3657.9 12 2429.13
0.0121 2e-05 0 0 0 0 0 0 1696 2182.83 3659.3 12 8556.19
0.01216 2e-05 0 0 0 0 0 0 1696 2183.87 3659.89 12 9035.84
0.01222 2e-05 0 0 0 0 0 0 1696 2185.1 3660.15 12 2829.62
0.01232 2e-05 0 0 0 0 0 0 1696 2186.57 3661.58 12 2837.48
0.01242 2e-05 0 0 0 0 0 0 1696 2188.21 3662.71 12 2536.53
0.01246 2e-05 0 0 0 0 0 0 1696 2189.3 3662.44 12 5155.27
0.01252 2e-05 0 0 0 0 0 0 1696 2190.77 3662.3 12 2167.77
0.0126 2e-05 0 0 0 0 0 0 1696 2192.48 3662.53 12 1837.07
0.01266 2e-05 0 0 0 0 0 0 1696 2193.64 3662.92 12 9019.6
0.01272 2e-05 0 0 0 0 0 0 1696 2195.01 3662.96 12 2171.7
0.01282 2e-05 0 0 0 0 0 0 1696 2196.69 3664 12 2379.85
0.01292 2e-05 0 0 0 0 0 0 1693 2198.5 3664.85 12 2091.16
0.01298 2e-05 0 0 0 0 0 0 1693 2199.62 3665.28 12 9720.83
0.01304 2e-05 0 0 0 0 0 0 1690 2200.74 3665.74 12 6889.55
0.01312 2e-05 0 0 0 0 0 0 1684 2202.01 3666.68 12 2919.25
0.0132 2e-05 0 0 0 0 0 0 1681 2203.03 3668.03 12 9470.64
0.01326 2e-05 0 0 0 0 0 0 1681 2204.12 3668.5 12 9571.15
0.01332 2e-05 0 0 0 0 0 0 1678 2205.44 3668.6 12 2410.17
0.01342 2e-05 0 0 0 0 0 0 1672 2207.09 3669.65 12 2450.38
0.0135 2e-05 0 0 0 0 0 0 1663 2208.14 3670.92 12 7491.94
0.01352 2e-05 0 0 0 0 0 0 1657 2209.23 3669.85 12 1515.74
0.0136 2e-05 0 0 0 0 0 0 1654 2210.39 3670.92 12 3705.79
0.01366 2e-05 0 0 0 0 0 0 1651 2211.53 3671.28 12 9209.93
0.01372 2e-05 0 0 0 0 0 0 1651 2213.01 3671.06 12 2662.34
0.01382 2e-05 0 0 0 0 0 0 1642 2214.62 3672.09 12 2443.15
0.0139 2e-05 0 0 0 0 0 0 1639 2215.64 3673.38 12 8551.47
0.01396 2e-05 0 0 0 0 0 0 1633 2216.78 3673.69 12 9277.57
0.01402 2e-05 0 0 0 0 0 0 1627 2218.09 3673.72 12 2221.59
0.01408 2e-05 0 0 0 0 0 0 1621 2219.26 3673.98 12 2048.65
0.01412 2e-05 0 0 0 0 0 0 1618 2220.44 3673.49 12 2378.98
0.01422 2e-05 0 0 0 0 0 0 1606 2221.94 3674.64 12 2789.27
0.0143 2e-05 0 0 0 0 0 0 1600 2222.99 3675.78 12 7075.29
0.01436 2e-05 0 0 0 0 0 0 1600 2224.13 3676.06 12 4947.56
0.01442 2e-05 0 0 0 0 0 0 1600 2225.33 3676.22 12 2175.46
0.0145 2e-05 0 0 0 0 0 0 1600 2226.36 3677.4 12 7080.24
0.01456 2e-05 0 0 0 0 0 0 1600 2227.42 3677.8 12 8678.77
0.01462 2e-05 0 0 0 0 0 0 1600 2228.64 3677.95 12 2658.24
0.01466 2e-05 0 0 0 0 0 0 1600 2229.79 3677.48 12 6279.88
0.01472 2e-05 0 0 0 0 0 0 1600 2230.8 3677.98 12 2705.53
0.01478 2e-05 0 0 0 0 0 0 1600 2232.3 3677.65 12 1806.19
0.01482 2e-05 0 0 0 0 0 0 1600 2233.9 3676.45 12 1142.62
0.0149 2e-05 0 0 0 0 0 0 1600 2234.91 3677.65 12 3882.05
0.01496 2e-05 0 0 0 0 0 0 1600 2236.08 3677.88 12 8476.51
