t dt mgp.i mgp.nrelax mgpf.i mgpf.nrelax mgu.i mgu.nrelax grid->tn perf.t perf.speed npe perf.ispeed
0 3.55114e-06 0 0 0 0 0 0 16384 0 0 12 0
3.55114e-06 3.55114e-06 0 0 0 0 0 0 4828 3.4444 1401.7 12 1401.7
4.2444e-06 6.93267e-07 0 0 0 0 0 0 2089 3.86677 1788.83 12 4945.9
4.93767e-06 6.93267e-07 0 0 0 0 0 0 1498 4.0928 2056.05 12 6627.47
5.64177e-06 7.04099e-07 0 0 0 0 0 0 1507 4.24148 2339.28 12 10135.7
6.35722e-06 7.15455e-07 0 0 0 0 0 0 1522 4.34665 2632.83 12 14471.7
7.0846e-06 7.2738e-07 0 0 0 0 0 0 1525 4.71587 2750.08 12 4130.37
7.82452e-06 7.39921e-07 0 0 0 0 0 0 1543 4.85424 2989.55 12 11151.3
8.56444e-06 7.39921e-07 0 0 0 0 0 0 1540 4.99163 3215.78 12 11208.4
9.31782e-06 7.53374e-07 0 0 0 0 0 0 1558 5.09739 3454.71 12 14731.5
1.00854e-05 7.67588e-07 0 0 0 0 0 0 1570 5.20362 3685.89 12 14779.4
1.49357e-05 8.34865e-07 0 0 0 0 0 0 1726 6.5529 4453.29 12 4821.57
2.12608e-05 9.57974e-07 0 0 0 0 0 0 1846 7.61644 5465.81 12 17127.2
2.72988e-05 1.03187e-06 0 0 0 0 0 0 1954 8.73971 6082.13 12 6429.96
3.16864e-05 1.1446e-06 0 0 0 0 0 0 2014 9.9156 6166.04 12 6255.45
4.00801e-05 1.23998e-06 0 0 0 0 0 0 2044 10.9422 6895.12 12 18305.1
4.752e-05 1.23998e-06 0 0 0 0 0 0 2158 11.9696 7362.49 12 18938
5.15152e-05 1.51515e-06 0 0 0 0 0 0 2266 14.7175 6441.19 12 901.328
5.7883e-05 1.61989e-06 0 0 0 0 0 0 2284 16.1661 6427.64 12 4792.57
6.28776e-05 1.68738e-06 0 0 0 0 0 0 2326 17.2084 6441.92 12 4079.66
7.19243e-05 1.87172e-06 0 0 0 0 0 0 2368 18.5987 6591.17 12 3357.85
8.16231e-05 2.04187e-06 0 0 0 0 0 0 2410 19.9227 6753.44 12 5720.05
9.18325e-05 2.04187e-06 0 0 0 0 0 0 2476 21.1514 6940.2 12 6620.78
0.000102381 2.38095e-06 0 0 0 0 0 0 2524 24.7885 6429.66 12 925.047
0.000112406 2.50627e-06 0 0 0 0 0 0 2584 26.0277 6517.22 12 8550.15
0.000125709 2.69906e-06 0 0 0 0 0 0 2656 27.2349 6713.53 12 9050.98
0.000137601 2.06646e-06 0 0 0 0 0 0 2812 28.3666 6932.24 12 15070.2
0.000144834 1.72205e-06 0 0 0 0 0 0 2881 29.3981 7074.46 12 14696.3
0.000151923 1.92308e-06 0 0 0 0 0 0 3007 32.6654 6728.29 12 1203.23
0.000157933 2.00321e-06 0 0 0 0 0 0 3067 33.6678 6799.19 12 11336.7
0.000164054 2.11449e-06 0 0 0 0 0 0 3142 34.7259 6861.92 12 8740.65
0.000172814 2.26553e-06 0 0 0 0 0 0 3163 35.9729 6973.59 12 5683.48
0.000182379 2.51726e-06 0 0 0 0 0 0 3226 37.1983 7089.22 12 9463.19
0.000192448 2.51726e-06 0 0 0 0 0 0 3202 38.3696 7209.74 12 11294.3
0.000203125 3.125e-06 0 0 0 0 0 0 3241 41.9245 6903.12 12 1261.61
0.00021276 3.38542e-06 0 0 0 0 0 0 3310 42.9575 6967.72 12 12001
0.000222917 3.38542e-06 0 0 0 0 0 0 3358 44.1436 7006.95 12 7977.48
0.000226302 3.38542e-06 0 0 0 0 0 0 3349 45.5938 6857.53 12 2309.31
0.000236458 3.38542e-06 0 0 0 0 0 0 3373 46.9576 6872.26 12 6264.04
0.000246615 3.38542e-06 0 0 0 0 0 0 3409 48.1103 6919.99 12 12544.3
0.000254167 4.16667e-06 0 0 0 0 0 0 3400 51.3695 6613.55 12 1227.17
0.000266667 4.16667e-06 0 0 0 0 0 0 3484 52.4717 6671.82 12 12003.3
0.000279167 4.16667e-06 0 0 0 0 0 0 3496 53.8213 6699.33 12 7013.62
0.0002875 4.16667e-06 0 0 0 0 0 0 3505 55.0315 6679.4 12 4095.99
0.0003 4.16667e-06 0 0 0 0 0 0 3562 56.7077 6669.18 12 5096.72
0.000304545 4.54545e-06 0 0 0 0 0 0 3580 59.3248 6435.32 12 1367.91
0.000318182 4.54545e-06 0 0 0 0 0 0 3634 60.4684 6492.37 12 11247.9
0.000331818 4.54545e-06 0 0 0 0 0 0 3631 61.8397 6524.45 12 7400.87
0.000345455 4.54545e-06 0 0 0 0 0 0 3661 62.8857 6589.82 12 10012
0.000354545 4.54545e-06 0 0 0 0 0 0 3670 66.5008 6341.82 12 1134.8
0.000363636 4.54545e-06 0 0 0 0 0 0 3664 68.1183 6298.81 12 4534.27
0.000372727 4.54545e-06 0 0 0 0 0 0 3766 69.2615 6302.46 12 8227.49
0.000381818 4.54545e-06 0 0 0 0 0 0 3859 70.5633 6295.14 12 5440.73
0.000390909 4.54545e-06 0 0 0 0 0 0 3874 72.4324 6239.54 12 3003.87
0.000404545 4.54545e-06 0 0 0 0 0 0 3919 76.2949 6077.01 12 1331
0.000413636 4.54545e-06 0 0 0 0 0 0 3934 79.738 5913.47 12 1447.48
0.000418182 4.54545e-06 0 0 0 0 0 0 3946 81.6206 5825.41 12 2095.95
0.000422727 4.54545e-06 0 0 0 0 0 0 3955 83.6842 5729.03 12 1916.63
0.000427273 4.54545e-06 0 0 0 0 0 0 3973 85.3588 5663.18 12 2372.52
0.000431818 4.54545e-06 0 0 0 0 0 0 4027 86.8778 5610.51 12 2650.99
0.000436364 4.54545e-06 0 0 0 0 0 0 4054 88.0239 5583.52 12 3537.36
0.000443939 3.0303e-06 0 0 0 0 0 0 4141 89.1048 5608.3 12 9381.98
0.000453846 3.84615e-06 0 0 0 0 0 0 4192 92.6154 5530.59 12 1634.95
0.000461538 3.84615e-06 0 0 0 0 0 0 4237 93.6694 5558.67 12 8862.72
0.000469231 3.84615e-06 0 0 0 0 0 0 4234 94.7278 5586.08 12 7252.88
0.000476923 3.84615e-06 0 0 0 0 0 0 4258 95.8213 5611.05 12 6869.49
0.000484615 3.84615e-06 0 0 0 0 0 0 4219 97.0918 5624.62 12 5940.08
0.000492308 3.84615e-06 0 0 0 0 0 0 4279 98.3035 5642.05 12 5856.79
0.0005 3.84615e-06 0 0 0 0 0 0 4360 99.3523 5669.89 12 10588.8
0.000504167 4.16667e-06 0 0 0 0 0 0 4384 101.901 5571.13 12 1720.42
0.0005125 4.16667e-06 0 0 0 0 0 0 4462 103.207 5586.54 12 6773.7
0.000525 4.16667e-06 0 0 0 0 0 0 4528 105.777 5578.6 12 2864.54
0.000533333 4.16667e-06 0 0 0 0 0 0 4543 106.968 5601.44 12 6605.3
0.000541667 4.16667e-06 0 0 0 0 0 0 4540 108.174 5623.03 12 7237.87
0.00055 4.16667e-06 0 0 0 0 0 0 4573 109.273 5650.02 12 6707.39
0.000554167 4.16667e-06 0 0 0 0 0 0 4582 112.095 5548.63 12 1623.41
0.000566667 4.16667e-06 0 0 0 0 0 0 4636 113.779 5588.16 12 6734.47
0.000575 4.16667e-06 0 0 0 0 0 0 4714 115.056 5607.65 12 5353.93
0.000583333 4.16667e-06 0 0 0 0 0 0 4756 116.298 5629.29 12 6838.69
0.000591667 4.16667e-06 0 0 0 0 0 0 4792 117.794 5639.05 12 7973.28
0.0006 4.16667e-06 0 0 0 0 0 0 4819 118.931 5666.11 12 7278.95
0.000604167 4.16667e-06 0 0 0 0 0 0 4819 121.578 5582.38 12 1820.44
0.0006125 4.16667e-06 0 0 0 0 0 0 4906 122.858 5603.58 12 9334.57
0.000620833 4.16667e-06 0 0 0 0 0 0 4951 124.11 5626.77 12 8383.45
0.000629167 4.16667e-06 0 0 0 0 0 0 4924 125.254 5653.96 12 11478.2
0.0006375 4.16667e-06 0 0 0 0 0 0 4975 126.521 5675.73 12 7517.59
0.000645833 4.16667e-06 0 0 0 0 0 0 5008 128.073 5685.04 12 7086.86
0.000654167 4.16667e-06 0 0 0 0 0 0 4996 131.069 5631.37 12 1958.81
0.000662121 3.78788e-06 0 0 0 0 0 0 5029 132.308 5654.42 12 8074.06
0.000669697 3.78788e-06 0 0 0 0 0 0 5020 133.384 5684.14 12 7808.03
0.000677273 3.78788e-06 0 0 0 0 0 0 5059 134.522 5710.98 12 9112.89
0.000684848 3.78788e-06 0 0 0 0 0 0 5125 135.773 5733.71 12 7796.27
0.000692424 3.78788e-06 0 0 0 0 0 0 5143 137.314 5744.11 12 4848.63
0.0007 3.78788e-06 0 0 0 0 0 0 5197 138.52 5768.97 12 7302.65
0.000703846 3.84615e-06 0 0 0 0 0 0 5203 141.143 5698.6 12 1983.31
0.000711538 3.84615e-06 0 0 0 0 0 0 5200 142.288 5725.6 12 11800.1
0.000719231 3.84615e-06 0 0 0 0 0 0 5230 143.545 5748.35 12 7511.25
0.000730769 3.84615e-06 0 0 0 0 0 0 5236 145.243 5789.3 12 7272.92
0.000738462 3.84615e-06 0 0 0 0 0 0 5290 146.33 5818.34 12 11331.8
0.000742308 3.84615e-06 0 0 0 0 0 0 5284 147.391 5812.32 12 4981.46
0.00075 3.84615e-06 0 0 0 0 0 0 5293 148.664 5833.7 12 7097.93
0.000753846 3.84615e-06 0 0 0 0 0 0 5326 151.37 5764.63 12 1968.71
0.000761538 3.84615e-06 0 0 0 0 0 0 5395 152.73 5783.85 12 8821.98
0.000769231 3.84615e-06 0 0 0 0 0 0 5404 153.851 5811.71 12 8580.34
0.000776923 3.84615e-06 0 0 0 0 0 0 5461 155.055 5836.78 12 11464.7
0.000784615 3.84615e-06 0 0 0 0 0 0 5431 156.129 5866.36 12 11555.9
0.000792308 3.84615e-06 0 0 0 0 0 0 5434 157.509 5883.99 12 6643.16
0.0008 3.84615e-06 0 0 0 0 0 0 5461 158.681 5909.3 12 12057.2
0.000803846 3.84615e-06 0 0 0 0 0 0 5452 161.227 5849.81 12 2141.55
0.000811538 3.84615e-06 0 0 0 0 0 0 5506 162.671 5865.32 12 6933.64
0.000819231 3.84615e-06 0 0 0 0 0 0 5533 163.693 5896.06 12 12105.8
0.000823077 3.84615e-06 0 0 0 0 0 0 5527 165.39 5868.97 12 3256.34
0.000830769 3.84615e-06 0 0 0 0 0 0 5533 166.682 5889.78 12 11071.2
0.000837692 3.07692e-06 0 0 0 0 0 0 5560 168.15 5904.4 12 11356.8
0.000843846 3.07692e-06 0 0 0 0 0 0 5575 169.411 5926.28 12 9810.67
0.00085 3.07692e-06 0 0 0 0 0 0 5599 170.619 5949.85 12 8501.06
0.000853571 3.57143e-06 0 0 0 0 0 0 5614 173.318 5889.6 12 2080.34
0.000860714 3.57143e-06 0 0 0 0 0 0 5626 174.505 5913.9 12 11567.2
0.000864286 3.57143e-06 0 0 0 0 0 0 5596 175.689 5905.88 12 4725.23
0.000871429 3.57143e-06 0 0 0 0 0 0 5677 176.762 5933.96 12 12689.9
0.000878571 3.57143e-06 0 0 0 0 0 0 5677 178.268 5947.47 12 9500.21
0.000885714 3.57143e-06 0 0 0 0 0 0 5743 179.852 5958.71 12 7931.97
0.000892857 3.57143e-06 0 0 0 0 0 0 5770 180.865 5989.05 12 10296.7
0.0009 3.57143e-06 0 0 0 0 0 0 5797 182.055 6013.4 12 11707.3
0.000903571 3.57143e-06 0 0 0 0 0 0 5806 184.526 5964.34 12 2349.74
0.000910714 3.57143e-06 0 0 0 0 0 0 5800 185.877 5983.39 12 9098.34
0.000917857 3.57143e-06 0 0 0 0 0 0 5830 187.683 5987.84 12 4704.36
0.000925 3.57143e-06 0 0 0 0 0 0 5857 188.774 6015.13 12 11121.9
0.000932143 3.57143e-06 0 0 0 0 0 0 5878 190.253 6030.2 12 7833.39
0.000939286 3.57143e-06 0 0 0 0 0 0 5920 191.495 6052.82 12 10393
0.000946429 3.57143e-06 0 0 0 0 0 0 5953 192.824 6072.81 12 8908.17
0.000953333 3.33333e-06 0 0 0 0 0 0 5983 196.293 6026.4 12 2216.24
0.00096 3.33333e-06 0 0 0 0 0 0 6010 198.357 6024.16 12 5334.35
0.000966667 3.33333e-06 0 0 0 0 0 0 6043 199.763 6042.29 12 10711.5
0.000973333 3.33333e-06 0 0 0 0 0 0 6037 200.939 6067.01 12 9479.08
0.00098 3.33333e-06 0 0 0 0 0 0 6058 201.969 6095.85 12 10644.4
0.000986667 3.33333e-06 0 0 0 0 0 0 6118 203.343 6114.66 12 9651.2
0.000993333 3.33333e-06 0 0 0 0 0 0 6169 204.57 6138.25 12 8275.5
0.001 3.33333e-06 0 0 0 0 0 0 6220 205.723 6164.28 12 11925.1
0.00100333 3.33333e-06 0 0 0 0 0 0 6151 208.42 6114.01 12 2280.15
0.00101051 3.58974e-06 0 0 0 0 0 0 6100 209.805 6131.9 12 8324.27
0.00101841 3.94872e-06 0 0 0 0 0 0 6061 210.945 6156.21 12 13574.9
0.00102631 3.94872e-06 0 0 0 0 0 0 6025 212.26 6174.91 12 8484.24
0.00103421 3.94872e-06 0 0 0 0 0 0 6034 213.839 6185.73 12 7601.78
0.0010421 3.94872e-06 0 0 0 0 0 0 6061 214.868 6212.51 12 10922.1
0.00105 3.94872e-06 0 0 0 0 0 0 6073 215.981 6236.66 12 15092.1
0.001055 5e-06 0 0 0 0 0 0 6100 218.633 6188.91 12 2300.08
0.001065 5e-06 0 0 0 0 0 0 6109 219.952 6207.3 12 10019.9
0.001075 5e-06 0 0 0 0 0 0 6136 221.069 6231.36 12 9976.8
0.001085 5e-06 0 0 0 0 0 0 6163 222.411 6249.25 12 9880.75
0.001095 5e-06 0 0 0 0 0 0 6223 223.587 6271.81 12 8861.18
0.00110556 5.55556e-06 0 0 0 0 0 0 6208 227.228 6226.08 12 1946.08
0.00111111 5.55556e-06 0 0 0 0 0 0 6214 228.296 6224.16 12 5816.31
0.00112222 5.55556e-06 0 0 0 0 0 0 6211 229.597 6243 12 8790.66
0.00113333 5.55556e-06 0 0 0 0 0 0 6235 230.602 6269.81 12 10999.3
0.00114444 5.55556e-06 0 0 0 0 0 0 6265 231.702 6294.1 12 15054.2
0.00115556 5.55556e-06 0 0 0 0 0 0 6271 235.642 6241.94 12 1879.1
0.00117222 5.55556e-06 0 0 0 0 0 0 6289 237.335 6276.87 12 8849.43
0.00118333 5.55556e-06 0 0 0 0 0 0 6355 238.949 6287.48 12 10215
0.00119444 5.55556e-06 0 0 0 0 0 0 6349 239.963 6313.82 12 13870.1
0.00120556 5.55556e-06 0 0 0 0 0 0 6415 243.264 6280.81 12 2441.87
0.00121667 5.55556e-06 0 0 0 0 0 0 6385 244.376 6304.58 12 13846.2
0.00122778 5.55556e-06 0 0 0 0 0 0 6358 245.747 6321.32 12 8519.48
0.00124444 5.55556e-06 0 0 0 0 0 0 6367 247.36 6357.24 12 9190.41
0.00125 5.55556e-06 0 0 0 0 0 0 6346 248.463 6354.56 12 5754.55
0.00125556 5.55556e-06 0 0 0 0 0 0 6379 251.068 6314.04 12 2448.94
0.00127222 5.55556e-06 0 0 0 0 0 0 6427 252.751 6348.11 12 9401.33
0.00128889 5.55556e-06 0 0 0 0 0 0 6502 254.522 6380.15 12 8299.88
0.00130556 5.55556e-06 0 0 0 0 0 0 6553 258.691 6352.98 12 2022.35
0.00131667 5.55556e-06 0 0 0 0 0 0 6571 259.751 6377.68 12 10164.2
0.00133333 5.55556e-06 0 0 0 0 0 0 6634 261.4 6413.5 12 9848.94
0.00134444 5.55556e-06 0 0 0 0 0 0 6655 262.431 6438.8 12 15809.4
0.00135556 5.55556e-06 0 0 0 0 0 0 6667 265.532 6413.82 12 2752.64
0.00136667 5.55556e-06 0 0 0 0 0 0 6709 266.684 6436.36 12 9744.7
0.00138333 5.55556e-06 0 0 0 0 0 0 6742 268.691 6463.37 12 6655.26
0.00139444 5.55556e-06 0 0 0 0 0 0 6781 270.165 6478.22 12 8609.57
0.00140556 5.55556e-06 0 0 0 0 0 0 6784 272.979 6461.16 12 2830.56
0.00141667 5.55556e-06 0 0 0 0 0 0 6829 274.084 6484.85 12 16243.9
0.00142778 5.55556e-06 0 0 0 0 0 0 6832 275.179 6508.63 12 12048.2
0.00143889 5.55556e-06 0 0 0 0 0 0 6901 276.304 6532.06 12 9864.86
0.00145556 5.55556e-06 0 0 0 0 0 0 6973 279.891 6523.04 12 2633.06
0.00146667 5.55556e-06 0 0 0 0 0 0 6991 281.082 6545.12 12 15020.6
0.00147685 4.62963e-06 0 0 0 0 0 0 7003 282.307 6566.24 12 9726.09
0.00149074 4.62963e-06 0 0 0 0 0 0 6970 283.727 6607.18 12 14686.9
0.0015 4.62963e-06 0 0 0 0 0 0 6979 285.838 6607.18 12 4293.26
