t dt mgp.i mgp.nrelax mgpf.i mgpf.nrelax mgu.i mgu.nrelax grid->tn perf.t perf.speed npe perf.ispeed
0 1.42045e-06 0 0 0 0 0 0 16384 0 0 12 0
1.42045e-06 1.42045e-06 0 0 0 0 0 0 4768 2.94834 1617.18 12 1617.18
1.70064e-06 2.80185e-07 0 0 0 0 0 0 4762 3.87969 2456.38 12 5113.01
1.97965e-06 2.7901e-07 0 0 0 0 0 0 4753 4.12292 3464.29 12 19541.3
2.25952e-06 2.79871e-07 0 0 0 0 0 0 4741 4.61521 4122.02 12 9630.56
2.54073e-06 2.81212e-07 0 0 0 0 0 0 4744 4.80247 4949.12 12 25333.5
2.82354e-06 2.82807e-07 0 0 0 0 0 0 4750 5.60365 5089.19 12 5928.79
3.1082e-06 2.84664e-07 0 0 0 0 0 0 4744 6.64977 5001.97 12 4534.82
3.39467e-06 2.86463e-07 0 0 0 0 0 0 4750 7.09774 5355.51 12 10603.5
3.68295e-06 2.88286e-07 0 0 0 0 0 0 4756 7.45275 5738.55 12 13396.8
3.97309e-06 2.90133e-07 0 0 0 0 0 0 4756 7.93085 5992.29 12 9947.63
4.26518e-06 2.9209e-07 0 0 0 0 0 0 4756 9.48421 5512.32 12 3061.76
5.15373e-06 2.98305e-07 0 0 0 0 0 0 4762 10.513 6330.62 12 10062.4
6.67853e-06 3.09542e-07 0 0 0 0 0 0 4798 11.6122 7794.7 12 27680.3
7.9409e-06 3.19298e-07 0 0 0 0 0 0 4846 12.6937 8655.57 12 24107.5
9.24335e-06 3.29483e-07 0 0 0 0 0 0 4864 13.9451 9271.86 12 12543.8
1.0588e-05 3.40238e-07 0 0 0 0 0 0 4894 15.0229 9905.57 12 29900.7
1.23307e-05 3.5413e-07 0 0 0 0 0 0 4918 16.1788 10716.6 12 21135.4
1.37763e-05 3.6581e-07 0 0 0 0 0 0 4972 17.583 10988.1 12 6738.79
1.52698e-05 3.7787e-07 0 0 0 0 0 0 4984 18.683 11406.6 12 29324.4
1.68128e-05 3.90464e-07 0 0 0 0 0 0 4984 19.8773 11723.9 12 11835.6
1.88138e-05 4.06794e-07 0 0 0 0 0 0 5038 21.0211 12277.8 12 30594.3
2.08988e-05 4.23853e-07 0 0 0 0 0 0 5068 22.2746 12721 12 18719.3
2.30712e-05 4.4165e-07 0 0 0 0 0 0 5086 23.6305 13066.2 12 11757.2
2.39654e-05 4.48958e-07 0 0 0 0 0 0 5110 24.9294 12794.8 12 5708.67
2.5799e-05 4.64126e-07 0 0 0 0 0 0 5128 25.9791 13067 12 24771.4
2.81777e-05 4.83734e-07 0 0 0 0 0 0 5152 27.1158 13467.2 12 30892.8
3.01529e-05 4.99921e-07 0 0 0 0 0 0 5170 28.2581 13653 12 15068
3.16779e-05 5.12611e-07 0 0 0 0 0 0 5176 29.2675 13712.2 12 11788.3
3.43059e-05 5.34418e-07 0 0 0 0 0 0 5206 30.3882 14061.3 12 27993.5
3.70455e-05 5.56943e-07 0 0 0 0 0 0 5194 31.7476 14278.2 12 12324.2
3.99016e-05 5.80822e-07 0 0 0 0 0 0 5188 32.8989 14565.5 12 29094.4
4.16739e-05 5.95604e-07 0 0 0 0 0 0 5200 34.0951 14511.9 12 14976.2
4.34909e-05 6.10798e-07 0 0 0 0 0 0 5224 35.2949 14461.4 12 10007.4
4.53543e-05 6.26408e-07 0 0 0 0 0 0 5254 36.4132 14449.4 12 9490.74
4.72654e-05 6.42437e-07 0 0 0 0 0 0 5290 37.4471 14473.2 12 21869.4
4.98894e-05 6.64413e-07 0 0 0 0 0 0 5332 39.0115 14438.6 12 8303.5
5.26033e-05 6.87017e-07 0 0 0 0 0 0 5350 40.0275 14606.3 12 29071.2
5.54091e-05 7.10219e-07 0 0 0 0 0 0 5362 41.1748 14719.9 12 29953.8
5.75768e-05 7.28302e-07 0 0 0 0 0 0 5380 42.4294 14664.8 12 9139.88
5.97997e-05 7.47377e-07 0 0 0 0 0 0 5404 43.4355 14697.6 12 16453.5
6.20794e-05 7.66275e-07 0 0 0 0 0 0 5410 44.7391 14632 12 14102.7
6.52087e-05 7.92196e-07 0 0 0 0 0 0 5404 45.993 14703.2 12 14460.6
6.8445e-05 8.1931e-07 0 0 0 0 0 0 5434 47.0075 14847 12 28206.9
7.1791e-05 8.46906e-07 0 0 0 0 0 0 5440 48.0389 14980.7 12 27784.9
7.43743e-05 8.68317e-07 0 0 0 0 0 0 5452 49.3569 14911.6 12 16515.5
7.70233e-05 8.90045e-07 0 0 0 0 0 0 5452 50.9677 14761.1 12 4839.04
7.9739e-05 9.12957e-07 0 0 0 0 0 0 5452 52.27 14706.4 12 16268.5
8.06593e-05 9.20261e-07 0 0 0 0 0 0 5446 53.968 14344.6 12 3207.19
8.1587e-05 9.2769e-07 0 0 0 0 0 0 5440 55.1722 14130.1 12 4517.6
8.53746e-05 9.58727e-07 0 0 0 0 0 0 5446 56.3774 14214.4 12 24419
8.8299e-05 9.82436e-07 0 0 0 0 0 0 5494 57.5982 14198.6 12 12072.3
9.02885e-05 9.98586e-07 0 0 0 0 0 0 5500 58.6654 14127.8 12 7645.89
9.12949e-05 1.00632e-06 0 0 0 0 0 0 5494 59.6961 13975.9 12 5330.32
9.33289e-05 1.02103e-06 0 0 0 0 0 0 5500 61.0839 13838.3 12 7899.12
9.43569e-05 1.02797e-06 0 0 0 0 0 0 5512 62.3531 13645.1 12 4342.87
9.64365e-05 1.04338e-06 0 0 0 0 0 0 5518 63.6083 13549.2 12 7929.8
9.85452e-05 1.05805e-06 0 0 0 0 0 0 5518 64.7404 13482.8 12 6551.84
9.96107e-05 1.06555e-06 0 0 0 0 0 0 5524 65.754 13359 12 5450.28
0.000103949 1.09542e-06 0 0 0 0 0 0 5548 67.0894 13423.4 12 11790.2
0.000108407 1.12575e-06 0 0 0 0 0 0 5572 68.1383 13544.1 12 24696.3
0.000111822 1.14456e-06 0 0 0 0 0 0 5578 69.7846 13464.4 12 5442.76
0.00011297 1.14752e-06 0 0 0 0 0 0 5572 70.8141 13347.4 12 5412.51
0.000116234 1.01934e-06 0 0 0 0 0 0 5590 71.9334 13372.5 12 15725.3
0.000118914 8.47198e-07 0 0 0 0 0 0 5644 73.8022 13262.7 12 5373.92
0.000121363 8.08313e-07 0 0 0 0 0 0 5662 74.8317 13307.2 12 28490.6
0.000122977 8.06087e-07 0 0 0 0 0 0 5698 76.4025 13182.6 12 4584.2
0.00012612 7.75404e-07 0 0 0 0 0 0 5728 77.5797 13277.4 12 20322.5
0.000129152 7.53981e-07 0 0 0 0 0 0 5740 78.625 13392.6 12 25548.4
0.000132179 7.59913e-07 0 0 0 0 0 0 5728 80.0749 13436.5 12 12240.1
0.000135257 7.7625e-07 0 0 0 0 0 0 5746 81.1716 13537.7 12 26341
0.000138412 7.96292e-07 0 0 0 0 0 0 5794 82.2527 13640.7 12 27646.2
0.000141644 8.14379e-07 0 0 0 0 0 0 5824 83.5073 13713.9 12 13961.3
0.000144936 8.27748e-07 0 0 0 0 0 0 5884 84.6247 13810.3 12 16255.5
0.00014828 8.42453e-07 0 0 0 0 0 0 5914 85.6649 13918.1 12 29000.9
0.000151728 8.76314e-07 0 0 0 0 0 0 5956 87.0298 13973.3 12 11816.8
0.000155359 9.28177e-07 0 0 0 0 0 0 5974 88.136 14068.7 12 26801.3
0.000159219 9.87992e-07 0 0 0 0 0 0 5986 89.5664 14111.4 12 10619.2
0.000163322 1.04847e-06 0 0 0 0 0 0 6004 90.7138 14197.4 12 23605.7
0.000166557 1.09376e-06 0 0 0 0 0 0 6046 91.9422 14204.5 12 12718.5
0.000168785 1.12175e-06 0 0 0 0 0 0 6049 93.3854 14114.5 12 13308.9
0.00017223 1.16097e-06 0 0 0 0 0 0 6052 94.5243 14136.7 12 12616.5
0.000176998 1.2103e-06 0 0 0 0 0 0 6022 95.7227 14211.7 12 24919.8
0.000181949 1.25468e-06 0 0 0 0 0 0 6028 97.1511 14250.8 12 13689.6
0.000185778 1.28629e-06 0 0 0 0 0 0 5998 98.1837 14284.8 12 24046.3
0.000189701 1.31756e-06 0 0 0 0 0 0 5998 99.6838 14250.1 12 9200.01
0.000193713 1.34606e-06 0 0 0 0 0 0 6076 100.689 14287.8 12 23272.6
0.000197806 1.37362e-06 0 0 0 0 0 0 6118 101.933 14292.9 12 14429.3
0.000201972 1.3976e-06 0 0 0 0 0 0 6136 102.964 14328.4 12 12900.3
0.000204789 1.41245e-06 0 0 0 0 0 0 6142 104.434 14244.3 12 5096.48
0.000207642 1.43025e-06 0 0 0 0 0 0 6151 105.773 14180.2 12 5926.91
0.000211985 1.45659e-06 0 0 0 0 0 0 6160 108.064 14050.5 12 4645.38
0.00021345 1.46471e-06 0 0 0 0 0 0 6178 109.186 13962.7 12 5508.47
0.000217905 1.4954e-06 0 0 0 0 0 0 6175 110.62 13949.1 12 10228.8
0.000222447 1.52461e-06 0 0 0 0 0 0 6136 111.693 13980.3 12 21950.7
0.000227075 1.55206e-06 0 0 0 0 0 0 6136 114.016 13856.6 12 4169.36
0.000231782 1.57745e-06 0 0 0 0 0 0 6160 115.482 13840.5 12 11393.1
0.000236567 1.60385e-06 0 0 0 0 0 0 6154 116.635 13862 12 20530.6
0.000241433 1.63133e-06 0 0 0 0 0 0 6184 118.029 13855.3 12 11436
0.000246384 1.65995e-06 0 0 0 0 0 0 6226 119.272 13867 12 17528.4
0.000251423 1.68979e-06 0 0 0 0 0 0 6256 120.785 13848.5 12 8995.99
0.000256547 1.71698e-06 0 0 0 0 0 0 6274 121.955 13869.9 12 16557.7
0.000261754 1.74526e-06 0 0 0 0 0 0 6280 123.359 13864.8 12 12818.2
0.00026704 1.77043e-06 0 0 0 0 0 0 6274 124.648 13872.6 12 19058.9
0.00027239 1.78774e-06 0 0 0 0 0 0 6271 125.99 13874.2 12 12848.3
0.000277771 1.79659e-06 0 0 0 0 0 0 6286 127.183 13892.2 12 18661
0.000283161 1.79659e-06 0 0 0 0 0 0 6283 128.581 13887.6 12 12450
0.000288537 1.7876e-06 0 0 0 0 0 0 6283 129.797 13902.9 12 18349
0.000292108 1.7831e-06 0 0 0 0 0 0 6295 131.218 13848.2 12 11321.2
0.000297439 1.77414e-06 0 0 0 0 0 0 6310 132.348 13872.8 12 18485.2
0.000302726 1.75636e-06 0 0 0 0 0 0 6316 133.894 13854.1 12 11541.3
0.000307942 1.73014e-06 0 0 0 0 0 0 6349 135.166 13864.6 12 17603.5
0.000311377 1.71299e-06 0 0 0 0 0 0 6340 136.252 13847.1 12 12392.9
0.000314786 1.70028e-06 0 0 0 0 0 0 6346 137.321 13831.7 12 14104.3
0.000318174 1.69188e-06 0 0 0 0 0 0 6352 138.484 13807.3 12 8479.57
0.000323229 1.68351e-06 0 0 0 0 0 0 6346 145.673 13256.6 12 1010.94
0.000324908 1.67933e-06 0 0 0 0 0 0 6343 146.736 13203.8 12 5969.29
0.000328267 1.67933e-06 0 0 0 0 0 0 6349 148.02 13175.1 12 11936.6
0.000331617 1.67515e-06 0 0 0 0 0 0 6373 149.162 13159.7 12 8178.11
0.000334955 1.66678e-06 0 0 0 0 0 0 6370 150.39 13136.9 12 11657.7
0.000336617 1.66261e-06 0 0 0 0 0 0 6361 151.68 13067.1 12 4929.72
0.000339918 1.64609e-06 0 0 0 0 0 0 6376 153.192 13021.2 12 7112.29
0.000343173 1.62179e-06 0 0 0 0 0 0 6400 154.366 13005.1 12 11621.9
0.000346389 1.60199e-06 0 0 0 0 0 0 6424 155.568 12987.1 12 14722.2
0.000349562 1.58257e-06 0 0 0 0 0 0 6466 157.036 12948 12 8250.44
0.000352712 1.57109e-06 0 0 0 0 0 0 6478 158.531 12907.5 12 7753.39
0.000354279 1.56728e-06 0 0 0 0 0 0 6472 159.54 12866.4 12 6412.88
0.000357414 1.56728e-06 0 0 0 0 0 0 6475 160.725 12852.1 12 12262.6
0.000358981 1.56728e-06 0 0 0 0 0 0 6508 161.856 12802.5 12 5755.07
0.000362116 1.56728e-06 0 0 0 0 0 0 6502 162.858 12803.7 12 10805.9
0.000365246 1.56343e-06 0 0 0 0 0 0 6511 164.42 12761.3 12 8595.74
0.00036681 1.56343e-06 0 0 0 0 0 0 6514 166.358 12651.8 12 3361.37
0.000369921 1.55192e-06 0 0 0 0 0 0 6526 167.855 12616.7 12 7075.36
0.000373002 1.53676e-06 0 0 0 0 0 0 6523 169.343 12582.8 12 11089.4
0.000374528 1.52554e-06 0 0 0 0 0 0 6526 170.436 12540.4 12 5970.55
0.000377557 1.51078e-06 0 0 0 0 0 0 6526 172.012 12501.4 12 5860.62
0.00037906 1.50349e-06 0 0 0 0 0 0 6532 174.2 12381.9 12 2984.62
0.000382056 1.49623e-06 0 0 0 0 0 0 6553 175.672 12352.7 12 8491.27
0.000385042 1.49262e-06 0 0 0 0 0 0 6565 176.805 12347.7 12 12071.5
0.000388027 1.49262e-06 0 0 0 0 0 0 6574 178.315 12316.8 12 7236.31
0.000391012 1.49262e-06 0 0 0 0 0 0 6583 179.458 12311.7 12 16360.9
0.000393986 1.48533e-06 0 0 0 0 0 0 6598 180.699 12300.1 12 9482.2
0.000396953 1.48169e-06 0 0 0 0 0 0 6610 182.474 12252.9 12 5474.68
0.000399899 1.47084e-06 0 0 0 0 0 0 6622 183.821 12235.1 12 11501.2
0.000402815 1.453e-06 0 0 0 0 0 0 6649 185.022 12227.4 12 8995.03
0.000404261 1.44597e-06 0 0 0 0 0 0 6670 186.337 12177 12 5074.08
0.000407132 1.43205e-06 0 0 0 0 0 0 6688 188.308 12120.5 12 5739.86
0.000408561 1.4286e-06 0 0 0 0 0 0 6685 189.723 12065.3 12 4722.75
0.000411408 1.42172e-06 0 0 0 0 0 0 6715 190.847 12064.6 12 11096.4
0.000414251 1.42172e-06 0 0 0 0 0 0 6742 192.16 12052.2 12 7824.23
0.000417088 1.41828e-06 0 0 0 0 0 0 6766 193.718 12025 12 7204.58
0.000419924 1.41828e-06 0 0 0 0 0 0 6796 195.035 12013.5 12 9403.01
0.00042419 1.42175e-06 0 0 0 0 0 0 6844 196.84 12007.3 12 8288.17
0.000428441 1.41475e-06 0 0 0 0 0 0 6859 198.531 12008.5 12 9233.4
0.000431267 1.41125e-06 0 0 0 0 0 0 6859 200.206 11976.6 12 8294.51
0.000434079 1.40427e-06 0 0 0 0 0 0 6850 201.35 11976.6 12 13143
0.00043548 1.40079e-06 0 0 0 0 0 0 6841 202.625 11935 12 5366.91
0.000438274 1.39733e-06 0 0 0 0 0 0 6850 203.766 11935.3 12 9849.07
0.000441069 1.39733e-06 0 0 0 0 0 0 6883 204.937 11934.1 12 9412.78
0.000443864 1.39733e-06 0 0 0 0 0 0 6862 206.455 11912.9 12 8855.75
0.000446658 1.39733e-06 0 0 0 0 0 0 6835 207.931 11894.1 12 9556.51
0.000449453 1.39733e-06 0 0 0 0 0 0 6856 209.239 11885.3 12 9562.98
0.000453645 1.39733e-06 0 0 0 0 0 0 6883 210.826 11893.6 12 11148.8
0.000456447 1.40091e-06 0 0 0 0 0 0 6919 212.424 11869.2 12 6052.49
0.000459249 1.40091e-06 0 0 0 0 0 0 6931 213.639 11866.5 12 11167.1
0.000462058 1.40455e-06 0 0 0 0 0 0 6958 214.732 11870.9 12 10718.9
0.000464867 1.40455e-06 0 0 0 0 0 0 6955 215.879 11872.4 12 12249.8
0.000467665 1.39721e-06 0 0 0 0 0 0 6961 217.241 11862 12 9847.94
0.000471845 1.39355e-06 0 0 0 0 0 0 6934 218.762 11874.8 12 12138.7
0.000474633 1.39355e-06 0 0 0 0 0 0 6934 219.899 11876.5 12 10445.6
0.00047742 1.39355e-06 0 0 0 0 0 0 6934 221.04 11878 12 16358.3
0.000478813 1.39355e-06 0 0 0 0 0 0 6949 222.623 11824.7 12 4390.47
0.000481604 1.39729e-06 0 0 0 0 0 0 6958 223.906 11819.1 12 11973.4
0.000483001 1.39729e-06 0 0 0 0 0 0 6988 225.386 11772.5 12 4721.11
0.000484399 1.39729e-06 0 0 0 0 0 0 6997 227.959 11670.3 12 2720.12
0.000487201 1.40109e-06 0 0 0 0 0 0 6997 229.017 11677.5 12 15410.2
0.000490003 1.40109e-06 0 0 0 0 0 0 7003 230.224 11677.1 12 10311.8
0.000494214 1.40496e-06 0 0 0 0 0 0 7024 231.758 11690.5 12 11870.5
0.000495615 1.40107e-06 0 0 0 0 0 0 7027 234.078 11604.7 12 3028.31
0.000498409 1.39719e-06 0 0 0 0 0 0 7021 235.25 11606.6 12 10035.2
0.000502589 1.39331e-06 0 0 0 0 0 0 6997 236.941 11612.5 12 9729.69
0.000506769 1.39331e-06 0 0 0 0 0 0 7015 238.308 11634 12 17420.4
0.000509556 1.39331e-06 0 0 0 0 0 0 7027 239.375 11640.9 12 13077.7
0.00051235 1.39728e-06 0 0 0 0 0 0 7078 240.464 11646.9 12 11497
0.000515145 1.39728e-06 0 0 0 0 0 0 7132 241.504 11655.7 12 12500.7
0.000517948 1.40131e-06 0 0 0 0 0 0 7156 243.169 11634.7 12 5718.81
0.00052075 1.40131e-06 0 0 0 0 0 0 7159 244.286 11640.1 12 10427.5
0.000523553 1.40131e-06 0 0 0 0 0 0 7150 246.032 11615.6 12 7653.3
0.000526356 1.40131e-06 0 0 0 0 0 0 7147 247.489 11605.1 12 12506
0.00052915 1.39718e-06 0 0 0 0 0 0 7165 249.133 11586 12 8884.36
0.000531936 1.39305e-06 0 0 0 0 0 0 7183 250.346 11587.2 12 13726.9
0.000534722 1.39305e-06 0 0 0 0 0 0 7189 251.454 11593.3 12 17138.3
0.000537508 1.39305e-06 0 0 0 0 0 0 7198 253.085 11575.5 12 6886.08
0.000540294 1.39305e-06 0 0 0 0 0 0 7192 254.18 11582.2 12 15331.7
0.00054308 1.39305e-06 0 0 0 0 0 0 7213 255.209 11591.9 12 12174.9
0.000545875 1.39731e-06 0 0 0 0 0 0 7228 256.241 11601.7 12 13089.1
0.00054867 1.39731e-06 0 0 0 0 0 0 7222 257.253 11612.2 12 15861.4
0.00055287 1.40166e-06 0 0 0 0 0 0 7234 258.86 11623.8 12 11854.1
0.000557075 1.40166e-06 0 0 0 0 0 0 7231 260.319 11642 12 12817.4
0.00055987 1.39724e-06 0 0 0 0 0 0 7243 261.386 11649.8 12 10914.4
0.000564061 1.39724e-06 0 0 0 0 0 0 7237 263.291 11647.9 12 7239.06
0.000566856 1.39724e-06 0 0 0 0 0 0 7225 264.385 11654.4 12 14650.5
0.00056965 1.39724e-06 0 0 0 0 0 0 7258 265.554 11657.7 12 10620.2
0.000573842 1.39724e-06 0 0 0 0 0 0 7291 266.918 11679.8 12 18203.7
0.000576641 1.40185e-06 0 0 0 0 0 0 7321 268.109 11682.5 12 10832.8
0.000580847 1.40185e-06 0 0 0 0 0 0 7309 269.476 11704.7 12 18240.9
0.00058365 1.40185e-06 0 0 0 0 0 0 7336 270.691 11706.3 12 10631.3
0.000587842 1.39715e-06 0 0 0 0 0 0 7309 272.237 11720.5 12 12761.8
0.000590627 1.39243e-06 0 0 0 0 0 0 7318 273.68 11712.1 12 16479.6
0.000594804 1.39243e-06 0 0 0 0 0 0 7339 275.19 11727.8 12 13241.3
0.000597589 1.39243e-06 0 0 0 0 0 0 7351 276.298 11734 12 17532.6
0.000600374 1.39243e-06 0 0 0 0 0 0 7378 277.369 11741.8 12 13608.4
0.000603159 1.39243e-06 0 0 0 0 0 0 7387 278.482 11747.9 12 11458.1
0.000607336 1.39243e-06 0 0 0 0 0 0 7387 280.107 11758.9 12 10849.5
0.000611513 1.39243e-06 0 0 0 0 0 0 7366 281.489 11779.7 12 15662.7
0.000614288 1.38745e-06 0 0 0 0 0 0 7369 282.5 11789.7 12 15603.2
0.000617053 1.38248e-06 0 0 0 0 0 0 7396 283.812 11787.3 12 11804.4
0.00062119 1.37749e-06 0 0 0 0 0 0 7399 285.659 11788.8 12 8474.85
0.000625323 1.37749e-06 0 0 0 0 0 0 7384 287.33 11797.5 12 10618.5
0.000629455 1.37749e-06 0 0 0 0 0 0 7366 288.823 11813 12 13789.3
0.00063221 1.37749e-06 0 0 0 0 0 0 7369 290.308 11803.4 12 6979.16
0.000636343 1.37749e-06 0 0 0 0 0 0 7384 291.851 11816.8 12 11535.8
0.000639098 1.37749e-06 0 0 0 0 0 0 7384 294.37 11765.9 12 4273.08
0.000643225 1.37221e-06 0 0 0 0 0 0 7405 296.1 11772.1 12 9838.28
0.000645964 1.36693e-06 0 0 0 0 0 0 7417 297.273 11775.5 12 13821.9
0.000648698 1.36693e-06 0 0 0 0 0 0 7414 298.669 11770.1 12 10374.8
0.000651432 1.36693e-06 0 0 0 0 0 0 7420 300.05 11765.4 12 12779.2
0.000654166 1.36693e-06 0 0 0 0 0 0 7435 301.331 11764.7 12 10767.9
0.0006569 1.36693e-06 0 0 0 0 0 0 7453 302.531 11767.3 12 12357.4
0.000658267 1.36693e-06 0 0 0 0 0 0 7486 303.601 11750.5 12 6997.88
0.000661 1.36693e-06 0 0 0 0 0 0 7507 304.909 11749.3 12 9555.27
0.000663734 1.36693e-06 0 0 0 0 0 0 7495 306.054 11754.3 12 13640.5
0.000666468 1.36693e-06 0 0 0 0 0 0 7516 307.368 11753 12 10403.3
0.000669202 1.36693e-06 0 0 0 0 0 0 7528 308.44 11760.9 12 15593.5
0.00067193 1.36129e-06 0 0 0 0 0 0 7522 309.906 11753.8 12 9257.44
0.000674647 1.35564e-06 0 0 0 0 0 0 7519 311.039 11759.4 12 11640.8
0.000677358 1.35564e-06 0 0 0 0 0 0 7540 312.175 11764.8 12 17529.3
0.000680058 1.34996e-06 0 0 0 0 0 0 7537 313.711 11755.3 12 9400.46
0.000682758 1.34996e-06 0 0 0 0 0 0 7558 315.26 11745.4 12 10730.2
0.000686808 1.34996e-06 0 0 0 0 0 0 7594 316.928 11755.4 12 10479.6
0.000689508 1.34996e-06 0 0 0 0 0 0 7567 318.004 11763.2 12 14959.2
0.000692208 1.34996e-06 0 0 0 0 0 0 7588 319.423 11758.4 12 9918.44
0.000694908 1.34996e-06 0 0 0 0 0 0 7603 320.443 11768.4 12 12828.1
0.000697608 1.34996e-06 0 0 0 0 0 0 7615 321.637 11772.1 12 17594.2
0.000700308 1.34996e-06 0 0 0 0 0 0 7618 322.964 11770.9 12 9686.58
0.000702996 1.34391e-06 0 0 0 0 0 0 7609 324.502 11761.9 12 10641
0.000705671 1.33786e-06 0 0 0 0 0 0 7633 325.568 11770.2 12 13656.7
0.000708335 1.3318e-06 0 0 0 0 0 0 7621 326.729 11775.1 12 17069.2
0.000710999 1.3318e-06 0 0 0 0 0 0 7627 327.785 11783.7 12 17636.1
0.000713662 1.3318e-06 0 0 0 0 0 0 7621 329.027 11785.5 12 10300.4
0.000716326 1.3318e-06 0 0 0 0 0 0 7618 330.195 11790.1 12 18723.4
0.000718989 1.3318e-06 0 0 0 0 0 0 7612 331.342 11795.2 12 12992.5
0.000721653 1.3318e-06 0 0 0 0 0 0 7618 332.532 11798.8 12 11935.6
0.000722985 1.3318e-06 0 0 0 0 0 0 7642 333.972 11770.8 12 5307.59
0.000725648 1.3318e-06 0 0 0 0 0 0 7645 335.798 11752.3 12 8528.53
0.000726974 1.32537e-06 0 0 0 0 0 0 7660 336.831 11739 12 7416.95
0.000729618 1.31894e-06 0 0 0 0 0 0 7654 337.927 11746.3 12 19106.4
0.00073225 1.3125e-06 0 0 0 0 0 0 7651 339.265 11745 12 11441.2
0.000734868 1.30607e-06 0 0 0 0 0 0 7678 340.339 11753.1 12 13593.4
0.00073748 1.30607e-06 0 0 0 0 0 0 7699 341.386 11762.1 12 15317.6
0.000740079 1.2996e-06 0 0 0 0 0 0 7705 342.514 11768.4 12 18377.7
0.000742685 1.30617e-06 0 0 0 0 0 0 7684 343.668 11773.6 12 12240.5
0.000743991 1.30617e-06 0 0 0 0 0 0 7684 344.67 11761.7 12 7668.15
0.00074791 1.30617e-06 0 0 0 0 0 0 7684 346.141 11778.3 12 14580.9
0.000750522 1.30617e-06 0 0 0 0 0 0 7696 347.357 11781.4 12 11166.1
0.000753135 1.30617e-06 0 0 0 0 0 0 7681 348.471 11787.9 12 18797.3
0.000755747 1.30617e-06 0 0 0 0 0 0 7681 349.752 11788.6 12 11034.3
0.000758359 1.30617e-06 0 0 0 0 0 0 7696 351.23 11782.8 12 7227.27
0.000760951 1.29216e-06 0 0 0 0 0 0 7720 352.439 11786.2 12 10984.8
0.000762243 1.29216e-06 0 0 0 0 0 0 7723 354.428 11741.9 12 3883.52
0.000764813 1.28517e-06 0 0 0 0 0 0 7741 355.608 11746.4 12 11307.9
0.000767369 1.27819e-06 0 0 0 0 0 0 7732 356.89 11747.6 12 13994.5
0.000769926 1.27819e-06 0 0 0 0 0 0 7735 358.126 11750.3 12 10557.6
0.00077376 1.27819e-06 0 0 0 0 0 0 7738 359.798 11760.2 12 10933.4
0.000776324 1.28549e-06 0 0 0 0 0 0 7747 360.846 11768.9 12 14130.8
0.000778895 1.28549e-06 0 0 0 0 0 0 7759 362.089 11771.4 12 13163.7
0.000781466 1.28549e-06 0 0 0 0 0 0 7771 363.278 11775.6 12 11409
0.000784037 1.28549e-06 0 0 0 0 0 0 7792 364.466 11780 12 9959.58
0.000786593 1.27789e-06 0 0 0 0 0 0 7795 365.87 11777.4 12 11266.2
0.000789141 1.27024e-06 0 0 0 0 0 0 7819 367.269 11775 12 10452.1
0.000791681 1.27024e-06 0 0 0 0 0 0 7855 368.467 11779.4 12 19194.3
0.000794222 1.27024e-06 0 0 0 0 0 0 7861 369.801 11779.3 12 11275.3
0.000796762 1.27024e-06 0 0 0 0 0 0 7873 370.909 11786.6 12 16148.9
0.000799303 1.27024e-06 0 0 0 0 0 0 7882 372.592 11775.6 12 8176.2
0.000801843 1.27024e-06 0 0 0 0 0 0 7879 373.957 11774.8 12 14707
0.000803114 1.27024e-06 0 0 0 0 0 0 7876 375.104 11759.8 12 6867.72
0.000805638 1.26209e-06 0 0 0 0 0 0 7882 376.212 11767.1 12 15685.4
0.000808162 1.26209e-06 0 0 0 0 0 0 7864 377.268 11775.8 12 16853.8
0.000811923 1.25384e-06 0 0 0 0 0 0 7873 378.749 11792.1 12 15021.3
0.000814431 1.25384e-06 0 0 0 0 0 0 7873 380.138 11790.5 12 12977.6
0.000816939 1.25384e-06 0 0 0 0 0 0 7888 381.614 11786.2 12 9598.71
0.000818193 1.25384e-06 0 0 0 0 0 0 7891 382.89 11767.5 12 6180.57
0.000819446 1.25384e-06 0 0 0 0 0 0 7891 384.443 11740.5 12 5082.11
0.0008207 1.25384e-06 0 0 0 0 0 0 7897 385.552 11727.2 12 7120.16
0.000823208 1.25384e-06 0 0 0 0 0 0 7888 387.231 11717.1 12 10738.2
0.000824462 1.25384e-06 0 0 0 0 0 0 7894 388.27 11706.1 12 7598.8
0.000825716 1.25384e-06 0 0 0 0 0 0 7894 393.142 11581.1 12 1620.2
0.000828214 1.24482e-06 0 0 0 0 0 0 7876 394.7 11575.3 12 8706.33
0.000829459 1.24482e-06 0 0 0 0 0 0 7894 396.031 11556.3 12 5929.6
0.000830704 1.24482e-06 0 0 0 0 0 0 7921 397.074 11545.9 12 7598.39
0.000833184 1.23567e-06 0 0 0 0 0 0 7954 398.625 11540.9 12 9812.69
0.000835656 1.23567e-06 0 0 0 0 0 0 7951 400.038 11539.9 12 8176.37
0.000838109 1.22645e-06 0 0 0 0 0 0 7945 401.28 11543.7 12 14490.4
0.000840562 1.22645e-06 0 0 0 0 0 0 7945 402.556 11546.6 12 10691.8
0.000843015 1.22645e-06 0 0 0 0 0 0 7936 403.614 11555.7 12 13267.1
0.000845467 1.22645e-06 0 0 0 0 0 0 7960 405.108 11552.3 12 10702.8
0.000846694 1.22645e-06 0 0 0 0 0 0 7960 406.124 11543 12 7831.94
0.000849147 1.22645e-06 0 0 0 0 0 0 7969 407.736 11536.5 12 9936.48
0.0008516 1.22645e-06 0 0 0 0 0 0 8002 408.92 11542.2 12 17508
0.000854053 1.22645e-06 0 0 0 0 0 0 8014 410.171 11546 12 11287.7
0.000856505 1.22645e-06 0 0 0 0 0 0 8035 411.791 11539.6 12 8176.81
0.000858938 1.21606e-06 0 0 0 0 0 0 8035 413.949 11518.3 12 4840.49
0.000861359 1.20557e-06 0 0 0 0 0 0 8053 415.26 11520.7 12 12259.2
0.000862565 1.20557e-06 0 0 0 0 0 0 8041 416.297 11511.3 12 7753.81
0.000864976 1.20557e-06 0 0 0 0 0 0 8053 417.413 11519.1 12 19726.2
0.000867387 1.20557e-06 0 0 0 0 0 0 8035 418.733 11521.2 12 9910.08
0.000869798 1.20557e-06 0 0 0 0 0 0 8044 419.857 11528.6 12 15809.7
0.000872209 1.20557e-06 0 0 0 0 0 0 8065 421.231 11529.3 12 10517.9
0.000874621 1.20557e-06 0 0 0 0 0 0 8065 422.404 11535.5 12 15750
0.000877032 1.20557e-06 0 0 0 0 0 0 8053 423.805 11535.4 12 10101.8
0.000879443 1.20557e-06 0 0 0 0 0 0 8050 425.298 11532.8 12 10473.7
0.000881854 1.20557e-06 0 0 0 0 0 0 8053 426.987 11524.9 12 11293.2
0.000885446 1.19327e-06 0 0 0 0 0 0 8047 428.554 11539.1 12 13859.3
0.000887833 1.19327e-06 0 0 0 0 0 0 8029 429.646 11547.1 12 13094.8
0.000890194 1.18071e-06 0 0 0 0 0 0 8041 430.678 11556.8 12 15461.3
0.000892555 1.18071e-06 0 0 0 0 0 0 8050 432.064 11556.9 12 12744.4
0.000894917 1.18071e-06 0 0 0 0 0 0 8080 433.146 11565.3 12 13074.5
0.000897278 1.18071e-06 0 0 0 0 0 0 8086 434.304 11571.7 12 12923.7
0.00089964 1.18071e-06 0 0 0 0 0 0 8104 435.987 11564.2 12 7299.81
0.000902001 1.18071e-06 0 0 0 0 0 0 8113 437.288 11566.9 12 12648.2
0.000904363 1.18071e-06 0 0 0 0 0 0 8143 438.339 11576.3 12 17200.6
0.000906753 1.19547e-06 0 0 0 0 0 0 8149 439.572 11580.9 12 14427.1
0.000909129 1.18014e-06 0 0 0 0 0 0 8143 440.733 11587.3 12 12175.4
0.000911489 1.18014e-06 0 0 0 0 0 0 8158 442.118 11587.9 12 11722.6
0.00091385 1.18014e-06 0 0 0 0 0 0 8167 443.226 11595.8 12 13948.3
0.00091621 1.18014e-06 0 0 0 0 0 0 8164 444.314 11604.2 12 18090.8
0.00091857 1.18014e-06 0 0 0 0 0 0 8212 445.406 11612.6 12 15513.6
0.00091975 1.18014e-06 0 0 0 0 0 0 8212 446.575 11600.5 12 7022.47
0.000923291 1.18014e-06 0 0 0 0 0 0 8227 447.851 11622.5 12 17451.7
0.000925651 1.18014e-06 0 0 0 0 0 0 8212 448.932 11631.1 12 20651.5
0.000928011 1.18014e-06 0 0 0 0 0 0 8230 450.251 11633.6 12 11180.3
0.000930372 1.18014e-06 0 0 0 0 0 0 8227 451.307 11642.9 12 12585.2
0.000933912 1.18014e-06 0 0 0 0 0 0 8245 452.863 11657.4 12 13961.7
0.000936231 1.15944e-06 0 0 0 0 0 0 8236 454.056 11663.1 12 12175.6
0.00093855 1.15944e-06 0 0 0 0 0 0 8221 455.172 11670.6 12 13974.8
0.000939709 1.15944e-06 0 0 0 0 0 0 8239 456.523 11654.1 12 6099.77
0.000943188 1.15944e-06 0 0 0 0 0 0 8239 458.128 11667.2 12 11537.7
0.000946666 1.15944e-06 0 0 0 0 0 0 8263 459.531 11685.6 12 17169
0.000948985 1.15944e-06 0 0 0 0 0 0 8272 460.659 11692.8 12 13896.2
0.000951304 1.15944e-06 0 0 0 0 0 0 8323 461.722 11701.9 12 14318.3
0.000953622 1.15944e-06 0 0 0 0 0 0 8311 462.863 11709 12 19367.5
0.000955941 1.15944e-06 0 0 0 0 0 0 8317 464.078 11714.2 12 11731.9
0.00095942 1.15944e-06 0 0 0 0 0 0 8344 465.473 11732.7 12 20922.6
0.000960579 1.15944e-06 0 0 0 0 0 0 8350 466.789 11717.5 12 6346.16
0.000962898 1.15944e-06 0 0 0 0 0 0 8359 467.927 11724.7 12 20568
0.000965217 1.15944e-06 0 0 0 0 0 0 8353 469.262 11727 12 11246.9
0.000967536 1.15944e-06 0 0 0 0 0 0 8380 470.382 11734.6 12 17706.6
0.000969855 1.15944e-06 0 0 0 0 0 0 8374 471.93 11731.6 12 8375.53
0.000972173 1.15944e-06 0 0 0 0 0 0 8383 474.18 11711.3 12 5351.13
0.000974492 1.15944e-06 0 0 0 0 0 0 8383 475.333 11718.2 12 18391.2
0.000976811 1.15944e-06 0 0 0 0 0 0 8401 476.995 11712.5 12 7867.95
0.00097913 1.15944e-06 0 0 0 0 0 0 8398 478.336 11714.8 12 11799.3
0.000981449 1.15944e-06 0 0 0 0 0 0 8395 479.514 11721.1 12 17152
0.000983768 1.15944e-06 0 0 0 0 0 0 8407 480.791 11724.9 12 11107.9
0.000986087 1.15944e-06 0 0 0 0 0 0 8422 481.958 11731.4 12 13643.1
0.00098946 1.05403e-06 0 0 0 0 0 0 8446 483.589 11744.3 12 12950.6
0.000991568 1.05403e-06 0 0 0 0 0 0 8461 484.729 11751.5 12 12884.3
0.000993676 1.05403e-06 0 0 0 0 0 0 8464 486.041 11754.6 12 13334.4
0.00099473 1.05403e-06 0 0 0 0 0 0 8455 487.471 11737.5 12 5910.5
0.000996838 1.05403e-06 0 0 0 0 0 0 8443 488.589 11745.2 12 18427.2
0.000998946 1.05403e-06 0 0 0 0 0 0 8422 490.155 11742.1 12 11133
0.00100115 1.14548e-06 0 0 0 0 0 0 8425 492.246 11726.4 12 5663.3
0.00100344 1.14811e-06 0 0 0 0 0 0 8428 493.97 11719.6 12 10801.1
0.00100574 1.15076e-06 0 0 0 0 0 0 8470 495.292 11722.5 12 11635.1
0.00100805 1.15343e-06 0 0 0 0 0 0 8464 496.458 11729.1 12 16779.5
0.00101036 1.15612e-06 0 0 0 0 0 0 8494 498.077 11725.1 12 12955
0.00101382 1.15477e-06 0 0 0 0 0 0 8491 499.781 11736 12 11130.2
0.00101613 1.14939e-06 0 0 0 0 0 0 8494 501.013 11741.1 12 15008.7
0.00101842 1.14537e-06 0 0 0 0 0 0 8506 502.337 11744 12 13651.7
0.00102071 1.14404e-06 0 0 0 0 0 0 8512 503.659 11747 12 11472.3
0.00102299 1.14404e-06 0 0 0 0 0 0 8512 504.866 11752.6 12 16164.6
0.00102528 1.14538e-06 0 0 0 0 0 0 8515 506.133 11756.8 12 11919.2
0.00102758 1.14673e-06 0 0 0 0 0 0 8527 507.814 11751.5 12 6834.28
0.00102987 1.14808e-06 0 0 0 0 0 0 8515 508.91 11759.6 12 12545.5
0.00103217 1.14944e-06 0 0 0 0 0 0 8533 510.284 11761.4 12 12414.4
0.00103447 1.15081e-06 0 0 0 0 0 0 8527 511.436 11768.3 12 14034.5
0.00103677 1.15081e-06 0 0 0 0 0 0 8572 512.59 11775.2 12 14972.6
0.00103907 1.14806e-06 0 0 0 0 0 0 8548 513.814 11780.5 12 12099.9
0.00104136 1.1426e-06 0 0 0 0 0 0 8551 515.29 11779.9 12 10438
0.00104364 1.13852e-06 0 0 0 0 0 0 8575 516.714 11780.6 12 12110
0.00104478 1.13717e-06 0 0 0 0 0 0 8572 517.895 11770.3 12 7257.96
0.00104705 1.13581e-06 0 0 0 0 0 0 8617 519.103 11776.1 12 17497.7
0.00104932 1.13581e-06 0 0 0 0 0 0 8611 520.381 11780.2 12 12661.9
0.0010516 1.13717e-06 0 0 0 0 0 0 8611 521.4 11790.2 12 17647.5
0.00105387 1.13717e-06 0 0 0 0 0 0 8608 522.802 11791.6 12 12270
0.00105615 1.13854e-06 0 0 0 0 0 0 8593 523.858 11800.6 12 13859.2
0.00105843 1.1413e-06 0 0 0 0 0 0 8596 525.831 11789 12 5726.09
0.00105957 1.1413e-06 0 0 0 0 0 0 8602 528.026 11756.3 12 3918.29
0.00106186 1.14268e-06 0 0 0 0 0 0 8602 529.275 11761.1 12 11728.2
0.00106414 1.14268e-06 0 0 0 0 0 0 8632 530.919 11757.2 12 10882.9
0.00106642 1.1399e-06 0 0 0 0 0 0 8653 532.518 11754.3 12 7683.45
0.00106756 1.13851e-06 0 0 0 0 0 0 8668 535.952 11695.2 12 2523.91
0.00106983 1.13435e-06 0 0 0 0 0 0 8671 537.059 11703.4 12 16784.4
0.00107097 1.13297e-06 0 0 0 0 0 0 8680 538.285 11692.8 12 7079.54
0.00107323 1.13159e-06 0 0 0 0 0 0 8683 539.428 11700.3 12 13803.9
0.00107549 1.13159e-06 0 0 0 0 0 0 8701 540.883 11700.9 12 12313.5
0.00107776 1.13159e-06 0 0 0 0 0 0 8692 542.005 11708.8 12 13739.6
0.00108002 1.13298e-06 0 0 0 0 0 0 8692 544.001 11697.8 12 8394.94
0.00108229 1.13438e-06 0 0 0 0 0 0 8704 545.631 11694.8 12 10398.2
0.00108456 1.13578e-06 0 0 0 0 0 0 8719 546.748 11702.8 12 14939.8
0.0010857 1.13578e-06 0 0 0 0 0 0 8749 547.897 11694.2 12 7615.2
0.00108797 1.13719e-06 0 0 0 0 0 0 8737 549.566 11690.5 12 9656.42
0.00109025 1.13719e-06 0 0 0 0 0 0 8770 551.158 11688.5 12 10642
0.00109252 1.13435e-06 0 0 0 0 0 0 8779 552.753 11686.5 12 12280.5
0.00109478 1.13011e-06 0 0 0 0 0 0 8794 553.824 11695.7 12 13798.6
0.00109703 1.1273e-06 0 0 0 0 0 0 8797 555.168 11699.1 12 11646.2
0.00109929 1.12589e-06 0 0 0 0 0 0 8791 556.205 11708.9 12 15997.9
0.00110041 1.12589e-06 0 0 0 0 0 0 8776 557.931 11688.4 12 5084.57
0.00110266 1.12589e-06 0 0 0 0 0 0 8767 559.126 11694.8 12 16583.8
0.00110492 1.12731e-06 0 0 0 0 0 0 8773 560.398 11699.5 12 15213.3
0.00110717 1.12873e-06 0 0 0 0 0 0 8779 561.647 11704.8 12 14081.5
0.00110943 1.13016e-06 0 0 0 0 0 0 8782 563.244 11702.7 12 11659.5
0.00111283 1.1316e-06 0 0 0 0 0 0 8779 565.007 11712.9 12 11386.2
0.00111509 1.13304e-06 0 0 0 0 0 0 8794 566.199 11719.2 12 20019.3
0.00111736 1.13159e-06 0 0 0 0 0 0 8806 567.41 11725.3 12 13019.8
0.00111849 1.13014e-06 0 0 0 0 0 0 8803 568.554 11717.1 12 7692.97
0.00112074 1.12581e-06 0 0 0 0 0 0 8800 570.023 11717.8 12 10666.3
0.00112299 1.12437e-06 0 0 0 0 0 0 8821 571.168 11725.2 12 19806.7
0.00112524 1.12293e-06 0 0 0 0 0 0 8830 572.504 11728.7 12 11497.9
0.00112748 1.12293e-06 0 0 0 0 0 0 8836 573.616 11736.8 12 15749.2
0.00112861 1.12438e-06 0 0 0 0 0 0 8845 574.675 11730.5 12 8355.83
0.00112973 1.12438e-06 0 0 0 0 0 0 8842 575.877 11721.4 12 7354.02
0.00113198 1.12438e-06 0 0 0 0 0 0 8851 577.502 11719.1 12 12151.1
0.00113311 1.12583e-06 0 0 0 0 0 0 8869 578.574 11712.7 12 8277.74
0.00113536 1.12583e-06 0 0 0 0 0 0 8860 579.722 11720.1 12 20614.8
0.00113761 1.1273e-06 0 0 0 0 0 0 8854 580.976 11725.3 12 12510.2
0.00113874 1.1273e-06 0 0 0 0 0 0 8845 582.323 11713.3 12 6564.99
0.00114212 1.1273e-06 0 0 0 0 0 0 8872 584.01 11725 12 12602.2
0.00114437 1.12435e-06 0 0 0 0 0 0 8884 585.083 11733.9 12 15980.7
0.00114662 1.1214e-06 0 0 0 0 0 0 8884 586.337 11739.1 12 14754
0.00114886 1.11846e-06 0 0 0 0 0 0 8920 587.449 11747.2 12 14117.8
0.00114997 1.11699e-06 0 0 0 0 0 0 8929 588.523 11740.9 12 8312.29
0.0011522 1.11552e-06 0 0 0 0 0 0 8923 589.825 11745.3 12 12765.4
0.00115443 1.11552e-06 0 0 0 0 0 0 8914 590.87 11754.7 12 17550
0.00115667 1.11552e-06 0 0 0 0 0 0 8920 591.973 11762.9 12 19228.4
0.00115778 1.11552e-06 0 0 0 0 0 0 8926 593.517 11747.4 12 5779.32
0.00116001 1.117e-06 0 0 0 0 0 0 8914 594.916 11749.7 12 16492.5
0.00116225 1.117e-06 0 0 0 0 0 0 8911 596.054 11757.2 12 20618
0.00116448 1.1185e-06 0 0 0 0 0 0 8923 597.199 11764.5 12 17053.7
0.00116672 1.1185e-06 0 0 0 0 0 0 8941 598.72 11764.5 12 8786.21
0.00116896 1.1185e-06 0 0 0 0 0 0 8980 599.984 11769.6 12 12676.8
0.00117231 1.11549e-06 0 0 0 0 0 0 8998 601.68 11781.2 12 12791
0.00117565 1.11099e-06 0 0 0 0 0 0 8998 603.358 11793.2 12 12846
0.00117676 1.10949e-06 0 0 0 0 0 0 8998 605.009 11775.9 12 5452.16
0.00117897 1.108e-06 0 0 0 0 0 0 9001 609.661 11715.5 12 2203.72
0.00118008 1.108e-06 0 0 0 0 0 0 8995 611.221 11700.4 12 5766.72
0.0011823 1.108e-06 0 0 0 0 0 0 9016 612.692 11701.7 12 11846.6
0.00118452 1.1095e-06 0 0 0 0 0 0 9031 614.251 11701.4 12 11603.7
0.00118673 1.1095e-06 0 0 0 0 0 0 9061 615.419 11708.6 12 12491.7
0.00118784 1.1095e-06 0 0 0 0 0 0 9076 616.664 11699.7 12 7288.28
0.00119006 1.1095e-06 0 0 0 0 0 0 9094 620.354 11659.4 12 3001.31
0.00119117 1.1095e-06 0 0 0 0 0 0 9094 621.805 11646.8 12 6266.72
0.00119228 1.11103e-06 0 0 0 0 0 0 9103 623.638 11627.2 12 4966.42
0.00119339 1.11103e-06 0 0 0 0 0 0 9103 624.911 11618 12 7150.58
0.00119562 1.1095e-06 0 0 0 0 0 0 9103 626.551 11616.7 12 10051.1
0.00119783 1.10797e-06 0 0 0 0 0 0 9112 628.165 11615.8 12 10438.1
0.00119894 1.10644e-06 0 0 0 0 0 0 9097 631.151 11575.3 12 3046.47
0.00120004 1.10491e-06 0 0 0 0 0 0 9097 635.143 11516.9 12 2278.78
0.00120225 1.10339e-06 0 0 0 0 0 0 9115 636.367 11523.4 12 13950.8
0.00120445 1.10187e-06 0 0 0 0 0 0 9148 637.985 11522.8 12 11213.5
0.00120665 1.10034e-06 0 0 0 0 0 0 9154 643.077 11460 12 2009.87
0.00120775 1.10034e-06 0 0 0 0 0 0 9151 646.696 11410 12 2528.67
0.00120885 1.10034e-06 0 0 0 0 0 0 9172 647.698 11406.6 12 9150.25
0.00120995 1.10034e-06 0 0 0 0 0 0 9190 648.878 11400 12 7785.52
0.00121106 1.10034e-06 0 0 0 0 0 0 9199 650.838 11379.8 12 4695.26
0.00121216 1.10034e-06 0 0 0 0 0 0 9184 651.951 11374.4 12 8249.86
0.00121326 1.10034e-06 0 0 0 0 0 0 9175 654.519 11343.8 12 3572.21
0.00121436 1.10034e-06 0 0 0 0 0 0 9175 655.691 11337.5 12 7829.73
0.00121656 1.10034e-06 0 0 0 0 0 0 9187 657.299 11337.8 12 10025.6
0.00121876 1.10034e-06 0 0 0 0 0 0 9181 658.96 11337 12 12068.1
0.00122096 1.10034e-06 0 0 0 0 0 0 9184 660.575 11337.1 12 14668.8
0.00122316 1.10034e-06 0 0 0 0 0 0 9211 661.787 11344.1 12 18837.4
0.00122536 1.09879e-06 0 0 0 0 0 0 9226 662.991 11351.3 12 15400
0.00122755 1.09723e-06 0 0 0 0 0 0 9229 664.132 11359.6 12 14149.5
0.00123084 1.09412e-06 0 0 0 0 0 0 9244 665.901 11371.1 12 11711.2
0.00123302 1.09412e-06 0 0 0 0 0 0 9265 667.016 11379.8 12 20131.4
0.00123521 1.09256e-06 0 0 0 0 0 0 9250 668.379 11384.3 12 12770.4
0.00123739 1.09256e-06 0 0 0 0 0 0 9277 670.114 11382.5 12 7735.93
0.00123958 1.09256e-06 0 0 0 0 0 0 9298 671.665 11383.9 12 12728.9
0.00124177 1.09256e-06 0 0 0 0 0 0 9310 672.797 11392.4 12 17979.2
0.00124395 1.09256e-06 0 0 0 0 0 0 9322 674.283 11394.9 12 12869.3
0.00124614 1.09256e-06 0 0 0 0 0 0 9337 675.45 11402.9 12 13847.7
0.00124832 1.09256e-06 0 0 0 0 0 0 9355 676.713 11409.2 12 17511.2
0.0012505 1.09097e-06 0 0 0 0 0 0 9376 677.965 11415.8 12 13317.9
0.00125268 1.08939e-06 0 0 0 0 0 0 9379 680.083 11407.8 12 7286.86
0.00125486 1.0878e-06 0 0 0 0 0 0 9364 681.499 11411.6 12 15383.7
0.00125703 1.08621e-06 0 0 0 0 0 0 9400 682.614 11420.5 12 16425.2
0.0012592 1.08463e-06 0 0 0 0 0 0 9421 683.842 11427.5 12 20013.6
0.00126137 1.08463e-06 0 0 0 0 0 0 9424 685.181 11432.7 12 12191
0.00126354 1.08463e-06 0 0 0 0 0 0 9445 686.515 11438 12 16209.7
0.00126571 1.08463e-06 0 0 0 0 0 0 9439 687.704 11445.7 12 14462.2
0.00126788 1.08463e-06 0 0 0 0 0 0 9430 688.879 11453.5 12 21063.9
0.00127004 1.08463e-06 0 0 0 0 0 0 9424 690.317 11457 12 10257.5
0.00127221 1.08463e-06 0 0 0 0 0 0 9421 691.883 11458.3 12 13111.1
0.00127438 1.08463e-06 0 0 0 0 0 0 9418 693.162 11464.3 12 17920.4
0.00127655 1.08463e-06 0 0 0 0 0 0 9445 694.382 11471.4 12 15112
0.00127872 1.08301e-06 0 0 0 0 0 0 9475 695.695 11476.9 12 20032.9
0.00128088 1.08138e-06 0 0 0 0 0 0 9493 696.932 11483.8 12 14250.9
0.00128304 1.07976e-06 0 0 0 0 0 0 9490 698.042 11492.7 12 15728.9
0.0012852 1.07813e-06 0 0 0 0 0 0 9517 699.329 11498.8 12 17209.5
0.00128628 1.07813e-06 0 0 0 0 0 0 9520 700.583 11491.8 12 7592.98
0.00128843 1.07813e-06 0 0 0 0 0 0 9517 701.759 11499.7 12 21165.4
0.00129059 1.07813e-06 0 0 0 0 0 0 9550 703.077 11505.3 12 13162
0.00129274 1.07813e-06 0 0 0 0 0 0 9559 704.243 11513.4 12 18584.7
0.0012949 1.07813e-06 0 0 0 0 0 0 9571 705.698 11516.7 12 13568.9
0.00129706 1.07813e-06 0 0 0 0 0 0 9583 706.951 11523.4 12 16727
0.00129921 1.07813e-06 0 0 0 0 0 0 9583 708.384 11527.2 12 12023.1
0.00130137 1.07813e-06 0 0 0 0 0 0 9592 709.541 11535.4 12 19840.3
0.00130245 1.07813e-06 0 0 0 0 0 0 9586 710.834 11527.9 12 7411.14
0.0013046 1.07813e-06 0 0 0 0 0 0 9595 711.842 11538.5 12 19643.3
0.00130676 1.07646e-06 0 0 0 0 0 0 9604 714.065 11529.5 12 5880.84
0.00130891 1.07646e-06 0 0 0 0 0 0 9598 715.325 11536 12 13304.3
0.00131106 1.07479e-06 0 0 0 0 0 0 9625 716.34 11546.6 12 18864.6
0.00131321 1.07311e-06 0 0 0 0 0 0 9628 717.67 11552 12 16683.9
0.00131643 1.07311e-06 0 0 0 0 0 0 9625 719.124 11568.8 12 19988.2
0.00131857 1.07143e-06 0 0 0 0 0 0 9625 720.979 11565.8 12 8511.49
0.00132071 1.07143e-06 0 0 0 0 0 0 9625 722.184 11573.1 12 16391.3
0.00132286 1.07143e-06 0 0 0 0 0 0 9613 723.333 11581.3 12 14936.4
0.001325 1.07143e-06 0 0 0 0 0 0 9622 724.396 11590.9 12 16343.2
0.00132714 1.07143e-06 0 0 0 0 0 0 9610 725.623 11597.8 12 17391.6
0.00132928 1.07143e-06 0 0 0 0 0 0 9637 726.905 11603.8 12 12992.9
0.0013325 1.07315e-06 0 0 0 0 0 0 9667 728.627 11616.2 12 13338.2
0.00133465 1.07315e-06 0 0 0 0 0 0 9679 729.65 11626.5 12 16598.2
0.00133572 1.07315e-06 0 0 0 0 0 0 9682 730.741 11622.3 12 8870.4
0.00133787 1.07142e-06 0 0 0 0 0 0 9679 731.934 11629.9 12 16182.8
0.00134001 1.06968e-06 0 0 0 0 0 0 9694 733.159 11636.9 12 12586.8
0.00134214 1.06795e-06 0 0 0 0 0 0 9703 734.219 11646.5 12 16296.9
0.00134428 1.06621e-06 0 0 0 0 0 0 9697 735.282 11656 12 19706.5
0.00134641 1.06448e-06 0 0 0 0 0 0 9718 736.619 11661.2 12 14294.8
0.00134854 1.06275e-06 0 0 0 0 0 0 9730 737.683 11670.8 12 16820.1
0.00135066 1.06101e-06 0 0 0 0 0 0 9745 739.022 11676 12 15843.4
0.00135278 1.05928e-06 0 0 0 0 0 0 9763 740.985 11671.4 12 6690.53
0.0013549 1.05928e-06 0 0 0 0 0 0 9757 742.048 11681 12 20843.6
0.00135702 1.05928e-06 0 0 0 0 0 0 9772 743.381 11686.4 12 14555.3
0.00135914 1.05928e-06 0 0 0 0 0 0 9775 744.44 11696 12 17670.8
0.00136125 1.05928e-06 0 0 0 0 0 0 9781 745.628 11703.6 12 16784.2
0.00136337 1.05753e-06 0 0 0 0 0 0 9808 746.83 11711 12 15145.1
0.00136548 1.05402e-06 0 0 0 0 0 0 9820 747.934 11720 12 15480.2
0.00136758 1.05053e-06 0 0 0 0 0 0 9805 749.037 11728.9 12 21191.7
0.00136968 1.04705e-06 0 0 0 0 0 0 9799 750.91 11725.7 12 7722.92
0.00137176 1.04185e-06 0 0 0 0 0 0 9823 752.034 11734.3 12 16208.6
0.00137384 1.03841e-06 0 0 0 0 0 0 9820 753.295 11740.8 12 13391
0.00137591 1.03497e-06 0 0 0 0 0 0 9796 754.471 11748.4 12 19047.4
0.00137798 1.03155e-06 0 0 0 0 0 0 9805 756.613 11741.1 12 6207.11
0.00138004 1.02984e-06 0 0 0 0 0 0 9832 757.878 11747.4 12 21181
0.00138209 1.02813e-06 0 0 0 0 0 0 9847 759.173 11753.3 12 14443.2
0.00138415 1.02642e-06 0 0 0 0 0 0 9874 760.323 11761.5 12 19536.9
0.00138517 1.02642e-06 0 0 0 0 0 0 9862 761.715 11753 12 7087.09
0.00138723 1.02642e-06 0 0 0 0 0 0 9877 762.82 11761.8 12 19876.9
0.00138928 1.0247e-06 0 0 0 0 0 0 9892 764.173 11766.9 12 13325.8
0.00139133 1.0247e-06 0 0 0 0 0 0 9904 765.374 11774.3 12 18329
0.00139338 1.0247e-06 0 0 0 0 0 0 9886 766.671 11780.2 12 13830.2
0.00139644 1.02125e-06 0 0 0 0 0 0 9898 768.336 11793.3 12 13876.3
0.00139848 1.01952e-06 0 0 0 0 0 0 9907 769.492 11801.3 12 13931.4
0.00140052 1.01607e-06 0 0 0 0 0 0 9910 771.363 11798.4 12 8331.1
0.00140254 1.01264e-06 0 0 0 0 0 0 9934 772.543 11806 12 15410.3
0.00140355 1.01093e-06 0 0 0 0 0 0 9931 774.386 11790.8 12 5389.43
0.00140557 1.00751e-06 0 0 0 0 0 0 9946 775.67 11796.9 12 13903.9
0.00140858 1.0024e-06 0 0 0 0 0 0 9967 777.437 11808.5 12 12714.9
0.00141058 9.99012e-07 0 0 0 0 0 0 9973 779.225 11807 12 9649.89
0.00141258 9.97322e-07 0 0 0 0 0 0 9961 780.695 11810.3 12 15288.9
0.00141357 9.95631e-07 0 0 0 0 0 0 9964 781.816 11806.1 12 8883.37
0.00141556 9.93944e-07 0 0 0 0 0 0 10000 783.292 11809.4 12 16419.5
0.00141755 9.92254e-07 0 0 0 0 0 0 9997 784.759 11812.8 12 14835.7
0.00141953 9.92254e-07 0 0 0 0 0 0 9991 785.965 11820.1 12 21193.7
0.00142151 9.9056e-07 0 0 0 0 0 0 10003 787.234 11826.4 12 13802.3
0.00142349 9.9056e-07 0 0 0 0 0 0 10018 788.38 11834.6 12 17792.5
0.00142548 9.9056e-07 0 0 0 0 0 0 10012 789.458 11843.8 12 19839.8
0.00142746 9.9056e-07 0 0 0 0 0 0 10012 790.88 11847.9 12 12392.3
0.00142944 9.9056e-07 0 0 0 0 0 0 10000 792.507 11848.8 12 15303.2
0.00143142 9.9056e-07 0 0 0 0 0 0 10024 793.73 11855.8 12 19922.6
0.0014334 9.88838e-07 0 0 0 0 0 0 10066 795.062 11861.2 12 14115.9
0.00143636 9.85389e-07 0 0 0 0 0 0 10078 796.765 11873.7 12 13827.8
0.00143832 9.81953e-07 0 0 0 0 0 0 10087 797.936 11881.6 12 22879.1
0.00144028 9.78528e-07 0 0 0 0 0 0 10105 799.201 11888 12 13734.2
0.00144223 9.73417e-07 0 0 0 0 0 0 10105 800.267 11897.5 12 16907.6
0.00144417 9.70028e-07 0 0 0 0 0 0 10090 802.097 11895.5 12 9105.63
0.00144611 9.66651e-07 0 0 0 0 0 0 10087 803.181 11904.6 12 21058.1
0.00144804 9.63286e-07 0 0 0 0 0 0 10087 804.381 11911.9 12 18213.9
0.00144996 9.59933e-07 0 0 0 0 0 0 10096 805.57 11919.4 12 15181.5
0.00145188 9.5826e-07 0 0 0 0 0 0 10087 806.611 11929 12 19750.8
0.00145379 9.56588e-07 0 0 0 0 0 0 10093 807.83 11936 12 18053.3
0.0014557 9.54913e-07 0 0 0 0 0 0 10093 809.163 11941.3 12 15365
0.00145665 9.54913e-07 0 0 0 0 0 0 10108 810.337 11936.4 12 8610.85
0.00145856 9.54913e-07 0 0 0 0 0 0 10126 812.454 11930.3 12 7625.24
0.00146047 9.54913e-07 0 0 0 0 0 0 10132 814.375 11927 12 10989.4
0.00146238 9.54913e-07 0 0 0 0 0 0 10141 815.775 11931.4 12 17721
0.00146429 9.54913e-07 0 0 0 0 0 0 10144 816.944 11939.1 12 14537.8
0.00146716 9.54913e-07 0 0 0 0 0 0 10144 818.641 11951.6 12 14492.1
0.00146907 9.54913e-07 0 0 0 0 0 0 10168 819.645 11961.7 12 18444.3
0.00147098 9.54913e-07 0 0 0 0 0 0 10171 820.963 11967.3 12 16764
0.00147193 9.54913e-07 0 0 0 0 0 0 10177 822.053 11963.8 12 9336.1
0.00147384 9.53189e-07 0 0 0 0 0 0 10183 823.07 11973.8 12 18447.2
0.00147574 9.51465e-07 0 0 0 0 0 0 10174 824.393 11979.2 12 16482.9
0.00147764 9.48021e-07 0 0 0 0 0 0 10165 825.652 11985.6 12 15380.2
0.00147953 9.44589e-07 0 0 0 0 0 0 10168 827.221 11987.4 12 14222.2
0.00148047 9.42878e-07 0 0 0 0 0 0 10165 828.466 11981.7 12 8163.22
0.00148142 9.4117e-07 0 0 0 0 0 0 10159 829.67 11976.6 12 8437.95
0.00148329 9.3607e-07 0 0 0 0 0 0 10180 832.175 11965 12 5769.88
0.00148422 9.34378e-07 0 0 0 0 0 0 10204 834.685 11941.2 12 4065.24
0.00148608 9.29324e-07 0 0 0 0 0 0 10231 835.909 11948.2 12 17071.3
0.00148794 9.25972e-07 0 0 0 0 0 0 10255 837.891 11944.4 12 9806.65
0.00148979 9.24301e-07 0 0 0 0 0 0 10258 839.361 11947.9 12 15497.7
0.00149163 9.22629e-07 0 0 0 0 0 0 10255 840.465 11956.6 12 17800.3
0.00149347 9.20955e-07 0 0 0 0 0 0 10273 842.248 11955.7 12 9621.22
0.00149532 9.20955e-07 0 0 0 0 0 0 10252 843.787 11958.2 12 15024.1
0.00149716 9.19274e-07 0 0 0 0 0 0 10255 845.466 11958.7 12 13738.8
0.001499 9.19274e-07 0 0 0 0 0 0 10252 846.607 11966.8 12 14727.1
0.00150083 9.19274e-07 0 0 0 0 0 0 10252 847.809 11974 12 17823.8
0.00150267 9.19274e-07 0 0 0 0 0 0 10237 849.375 11976.1 12 11302.4
0.00150451 9.19274e-07 0 0 0 0 0 0 10240 850.885 11978.9 12 13377.9
0.00150635 9.19274e-07 0 0 0 0 0 0 10258 852.756 11976.6 12 7933.05
0.00150819 9.17562e-07 0 0 0 0 0 0 10285 853.987 11983.5 12 17605.7
0.00151002 9.17562e-07 0 0 0 0 0 0 10276 855.683 11983.7 12 10066.6
0.00151186 9.19287e-07 0 0 0 0 0 0 10270 856.974 11989.6 12 22093
0.0015137 9.19287e-07 0 0 0 0 0 0 10294 858.815 11987.9 12 9051.83
0.00151462 9.19287e-07 0 0 0 0 0 0 10303 860.637 11974.5 12 5655.27
0.00151554 9.19287e-07 0 0 0 0 0 0 10306 862.275 11963.7 12 6289.53
0.00151738 9.21035e-07 0 0 0 0 0 0 10309 863.889 11965.2 12 10768.2
0.00151922 9.22796e-07 0 0 0 0 0 0 10309 866.696 11950.2 12 4994.46
0.00152107 9.2457e-07 0 0 0 0 0 0 10327 868.403 11950.5 12 10381.9
0.00152293 9.26359e-07 0 0 0 0 0 0 10333 870.289 11948.4 12 10181
0.00152385 9.28161e-07 0 0 0 0 0 0 10336 871.373 11945.4 12 9536.66
0.00152478 9.29974e-07 0 0 0 0 0 0 10327 873.198 11932.2 12 5658.72
0.00152665 9.33632e-07 0 0 0 0 0 0 10336 874.815 11933.8 12 13613.5
