t dt mgp.i mgp.nrelax mgpf.i mgpf.nrelax mgu.i mgu.nrelax grid->tn perf.t perf.speed npe perf.ispeed
0 3.55114e-06 0 0 0 0 0 0 16384 0 0 12 0
3.55114e-06 3.55114e-06 0 0 0 0 0 0 4828 3.23079 1494.37 12 1494.37
4.2444e-06 6.93267e-07 0 0 0 0 0 0 2089 3.43423 2014.13 12 10268.5
4.93767e-06 6.93267e-07 0 0 0 0 0 0 1498 3.56252 2362.09 12 11677.1
5.64177e-06 7.04099e-07 0 0 0 0 0 0 1507 3.67647 2698.78 12 13224.4
6.35722e-06 7.15455e-07 0 0 0 0 0 0 1522 4.04892 2826.43 12 4086.48
7.0846e-06 7.2738e-07 0 0 0 0 0 0 1525 4.15599 3120.56 12 14243.4
7.82452e-06 7.39921e-07 0 0 0 0 0 0 1543 4.26186 3405.09 12 14574.6
8.56444e-06 7.39921e-07 0 0 0 0 0 0 1540 4.4457 3610.68 12 8376.71
9.31782e-06 7.53374e-07 0 0 0 0 0 0 1558 4.61347 3817.09 12 9286.63
1.00854e-05 7.67588e-07 0 0 0 0 0 0 1570 4.85712 3948.84 12 6443.59
1.49357e-05 8.34865e-07 0 0 0 0 0 0 1726 6.1014 4782.84 12 6620.41
1.93748e-05 9.28037e-07 0 0 0 0 0 0 1804 7.10829 5340.52 12 7322.62
2.5235e-05 1.03187e-06 0 0 0 0 0 0 1948 8.16305 6032.3 12 16508.8
3.16864e-05 1.1446e-06 0 0 0 0 0 0 2014 9.26002 6602.58 12 12430.3
3.88401e-05 1.23998e-06 0 0 0 0 0 0 2038 10.5222 6976.13 12 6047.94
4.752e-05 1.23998e-06 0 0 0 0 0 0 2158 11.6979 7533.47 12 11658.1
5.15152e-05 1.51515e-06 0 0 0 0 0 0 2266 14.2355 6659.25 12 983.416
5.95029e-05 1.61989e-06 0 0 0 0 0 0 2296 15.3312 6927.42 12 7762
7.19243e-05 1.87172e-06 0 0 0 0 0 0 2368 16.7029 7339.27 12 5760.76
8.57069e-05 2.04187e-06 0 0 0 0 0 0 2416 17.7783 7839.83 12 20533.6
9.79581e-05 2.04187e-06 0 0 0 0 0 0 2518 19.2167 8031.08 12 5524.52
0.000102381 2.38095e-06 0 0 0 0 0 0 2524 21.8705 7287.52 12 999.067
0.000112406 2.50627e-06 0 0 0 0 0 0 2584 22.9289 7398.01 12 16859.9
0.000125709 2.69906e-06 0 0 0 0 0 0 2656 24.2004 7555.32 12 6333.91
0.000135535 2.06646e-06 0 0 0 0 0 0 2809 25.4231 7624.24 12 7299.08
0.000144834 1.72205e-06 0 0 0 0 0 0 2881 26.8099 7757.42 12 7165.04
0.000151923 1.92308e-06 0 0 0 0 0 0 3007 30.4671 7213.75 12 1093.26
0.000155929 2.00321e-06 0 0 0 0 0 0 3046 32.5481 6938.87 12 1671.62
0.000157933 2.00321e-06 0 0 0 0 0 0 3067 38.1105 6006.58 12 551.379
0.000161939 2.00321e-06 0 0 0 0 0 0 3127 39.6508 5930.37 12 3886.34
0.000164054 2.11449e-06 0 0 0 0 0 0 3142 43.75 5446.54 12 766.5
0.000166168 2.11449e-06 0 0 0 0 0 0 3136 47.3861 5094.78 12 862.454
0.000168283 2.11449e-06 0 0 0 0 0 0 3142 49.7818 4912.72 12 1311.53
0.000170548 2.26553e-06 0 0 0 0 0 0 3133 51.5828 4801.93 12 1739.6
0.000172814 2.26553e-06 0 0 0 0 0 0 3163 56.7497 4420.46 12 612.164
0.000175079 2.26553e-06 0 0 0 0 0 0 3196 58.1982 4365.36 12 2206.42
0.000177345 2.26553e-06 0 0 0 0 0 0 3208 60.5867 4246.21 12 1343.1
0.000182379 2.51726e-06 0 0 0 0 0 0 3226 61.7229 4272.43 12 14188.2
0.000192448 2.51726e-06 0 0 0 0 0 0 3202 63.1731 4379 12 6463.67
0.000197483 2.51726e-06 0 0 0 0 0 0 3169 64.1819 4408.92 12 6524.94
0.000203125 3.125e-06 0 0 0 0 0 0 3241 66.9426 4323.26 12 1305.15
0.00021276 3.38542e-06 0 0 0 0 0 0 3310 67.9978 4401.85 12 12443.5
0.000222917 3.38542e-06 0 0 0 0 0 0 3358 69.2932 4463.81 12 6282.41
0.000236458 3.38542e-06 0 0 0 0 0 0 3373 70.5347 4575.13 12 12479.2
0.000246615 3.38542e-06 0 0 0 0 0 0 3409 71.9205 4629.04 12 5711.86
0.000254167 4.16667e-06 0 0 0 0 0 0 3400 74.8085 4541.39 12 1338.03
0.000266667 4.16667e-06 0 0 0 0 0 0 3484 76.3015 4588.14 12 5511.7
0.000279167 4.16667e-06 0 0 0 0 0 0 3496 77.4643 4654.62 12 9542.73
0.000291667 4.16667e-06 0 0 0 0 0 0 3517 78.838 4707.05 12 6241.84
0.000304545 4.54545e-06 0 0 0 0 0 0 3580 82.3506 4635.96 12 1379.56
0.000318182 4.54545e-06 0 0 0 0 0 0 3634 83.7712 4686.37 12 6927.87
0.000327273 4.54545e-06 0 0 0 0 0 0 3622 84.8555 4712 12 6088.63
0.000340909 4.54545e-06 0 0 0 0 0 0 3646 88.9357 4618.44 12 1157.85
0.000345455 4.54545e-06 0 0 0 0 0 0 3661 93.0973 4451.31 12 879.712
0.00035 4.54545e-06 0 0 0 0 0 0 3661 97.0734 4306.7 12 920.763
0.000354545 4.54545e-06 0 0 0 0 0 0 3670 102.737 4105 12 647.97
0.000363636 4.54545e-06 0 0 0 0 0 0 3664 105.023 4085.44 12 2682.67
0.000372727 4.54545e-06 0 0 0 0 0 0 3766 107.632 4055.66 12 2215.51
0.000381818 4.54545e-06 0 0 0 0 0 0 3859 109.32 4063.34 12 4680.54
0.000386364 4.54545e-06 0 0 0 0 0 0 3865 110.706 4047.4 12 2789.84
0.000390909 4.54545e-06 0 0 0 0 0 0 3874 111.806 4042.23 12 3521.4
0.000395455 4.54545e-06 0 0 0 0 0 0 3889 113.122 4029.57 12 2954.12
0.000404545 4.54545e-06 0 0 0 0 0 0 3919 120.823 3837.38 12 554.94
0.000409091 4.54545e-06 0 0 0 0 0 0 3949 122.409 3819.93 12 2490.2
0.000413636 4.54545e-06 0 0 0 0 0 0 3934 123.676 3812.6 12 3104.35
0.000418182 4.54545e-06 0 0 0 0 0 0 3946 125.082 3801.29 12 2806.72
0.000422727 4.54545e-06 0 0 0 0 0 0 3955 126.217 3798.45 12 3485.11
0.000427273 4.54545e-06 0 0 0 0 0 0 3973 127.453 3792.78 12 3213.75
0.000436364 4.54545e-06 0 0 0 0 0 0 4054 129.659 3790.57 12 3002.01
0.000440909 4.54545e-06 0 0 0 0 0 0 4102 130.73 3790.91 12 3832.04
0.00044697 3.0303e-06 0 0 0 0 0 0 4135 132.512 3802.37 12 4572.21
0.000453846 3.84615e-06 0 0 0 0 0 0 4192 136.254 3759.28 12 1426.27
0.000457692 3.84615e-06 0 0 0 0 0 0 4222 137.875 3745.72 12 2605.57
0.000461538 3.84615e-06 0 0 0 0 0 0 4237 138.876 3749.22 12 4231.55
0.000465385 3.84615e-06 0 0 0 0 0 0 4246 143.19 3665.93 12 984.299
0.000469231 3.84615e-06 0 0 0 0 0 0 4234 148.658 3559.55 12 774.228
0.000473077 3.84615e-06 0 0 0 0 0 0 4243 150.246 3550.17 12 2671.64
0.000476923 3.84615e-06 0 0 0 0 0 0 4258 151.566 3547.34 12 3225.94
0.000480769 3.84615e-06 0 0 0 0 0 0 4228 152.788 3546.66 12 3462.22
0.000484615 3.84615e-06 0 0 0 0 0 0 4219 153.804 3550.65 12 4150.75
0.000492308 3.84615e-06 0 0 0 0 0 0 4279 155.925 3557.05 12 3518.4
0.000496154 3.84615e-06 0 0 0 0 0 0 4324 158.611 3524.08 12 1609.78
0.0005 3.84615e-06 0 0 0 0 0 0 4360 161.416 3489.84 12 1554.08
0.000504167 4.16667e-06 0 0 0 0 0 0 4384 166.078 3418.28 12 940.462
0.000508333 4.16667e-06 0 0 0 0 0 0 4408 167.512 3415.33 12 3073.94
0.0005125 4.16667e-06 0 0 0 0 0 0 4462 168.884 3414.01 12 3252.2
0.000516667 4.16667e-06 0 0 0 0 0 0 4471 170.203 3413.81 12 3389.12
0.000525 4.16667e-06 0 0 0 0 0 0 4528 171.958 3431.57 12 5332.57
0.000529167 4.16667e-06 0 0 0 0 0 0 4543 173.363 3429.97 12 3234.01
0.0005375 4.16667e-06 0 0 0 0 0 0 4555 175.45 3441.02 12 4078.37
0.000545833 4.16667e-06 0 0 0 0 0 0 4552 177.966 3443.46 12 2903.34
0.00055 4.16667e-06 0 0 0 0 0 0 4573 178.985 3449.4 12 4487.53
0.000554167 4.16667e-06 0 0 0 0 0 0 4582 182.126 3415.07 12 1458.65
0.000558333 4.16667e-06 0 0 0 0 0 0 4603 183.178 3420.59 12 4377.46
0.0005625 4.16667e-06 0 0 0 0 0 0 4600 184.631 3418.59 12 3166.3
0.000566667 4.16667e-06 0 0 0 0 0 0 4636 185.683 3424.18 12 4404.37
0.000575 4.16667e-06 0 0 0 0 0 0 4714 188.136 3429.4 12 2947.48
0.000579167 4.16667e-06 0 0 0 0 0 0 4723 189.175 3435.54 12 4547.49
0.000583333 4.16667e-06 0 0 0 0 0 0 4756 190.427 3437.94 12 3800.24
0.0005875 4.16667e-06 0 0 0 0 0 0 4777 191.48 3443.98 12 4535.06
0.000595833 4.16667e-06 0 0 0 0 0 0 4813 193.88 3450.88 12 3318.84
0.0006 4.16667e-06 0 0 0 0 0 0 4819 195.318 3450.15 12 3351.89
0.000604167 4.16667e-06 0 0 0 0 0 0 4819 199.095 3408.9 12 1275.95
0.000608333 4.16667e-06 0 0 0 0 0 0 4846 201.793 3387.34 12 1796.05
0.0006125 4.16667e-06 0 0 0 0 0 0 4906 208.709 3298.59 12 709.336
0.000616667 4.16667e-06 0 0 0 0 0 0 4939 210.884 3288 12 2271.53
0.000620833 4.16667e-06 0 0 0 0 0 0 4951 212.684 3283.45 12 2749.91
0.000625 4.16667e-06 0 0 0 0 0 0 4921 214.004 3286.19 12 3727.69
0.000629167 4.16667e-06 0 0 0 0 0 0 4924 215.009 3293.72 12 4897.64
0.000633333 4.16667e-06 0 0 0 0 0 0 4945 216.224 3298.1 12 4072.26
0.000641667 4.16667e-06 0 0 0 0 0 0 4993 218.599 3307.87 12 3242.78
0.000645833 4.16667e-06 0 0 0 0 0 0 5008 220.316 3304.81 12 2915.68
0.00065 4.16667e-06 0 0 0 0 0 0 4999 222.175 3299.67 12 2690.06
0.000654167 4.16667e-06 0 0 0 0 0 0 4996 232.874 3169.51 12 466.932
0.000658333 4.16667e-06 0 0 0 0 0 0 4996 235.666 3153.17 12 1789.57
0.000662121 3.78788e-06 0 0 0 0 0 0 5029 237.11 3155.18 12 3483.34
0.000665909 3.78788e-06 0 0 0 0 0 0 5032 238.338 3160.03 12 4095.85
0.000669697 3.78788e-06 0 0 0 0 0 0 5020 240.026 3158.72 12 2973.87
0.000673485 3.78788e-06 0 0 0 0 0 0 5017 242.443 3147.93 12 2076.24
0.000677273 3.78788e-06 0 0 0 0 0 0 5059 245.268 3132.29 12 1790.49
0.000681061 3.78788e-06 0 0 0 0 0 0 5104 247.134 3129.29 12 2734.77
0.000684848 3.78788e-06 0 0 0 0 0 0 5125 248.228 3136.15 12 4685.92
0.000688636 3.78788e-06 0 0 0 0 0 0 5125 250.146 3132.58 12 2671.63
0.000692424 3.78788e-06 0 0 0 0 0 0 5143 251.548 3135.57 12 3668.47
0.000696212 3.78788e-06 0 0 0 0 0 0 5170 252.615 3142.8 12 4846.76
0.000703846 3.84615e-06 0 0 0 0 0 0 5203 258.578 3110.54 12 1025.97
0.000707692 3.84615e-06 0 0 0 0 0 0 5164 261.064 3100.7 12 2077.46
0.000711538 3.84615e-06 0 0 0 0 0 0 5200 268.294 3036.53 12 719.212
0.000715385 3.84615e-06 0 0 0 0 0 0 5233 272.017 3014.2 12 1405.55
0.000719231 3.84615e-06 0 0 0 0 0 0 5230 273.606 3015.81 12 3291.32
0.000723077 3.84615e-06 0 0 0 0 0 0 5242 274.814 3021.64 12 4340.98
0.000726923 3.84615e-06 0 0 0 0 0 0 5230 275.843 3029.32 12 5082.72
0.000734615 3.84615e-06 0 0 0 0 0 0 5254 277.688 3046.98 12 5883.32
0.000742308 3.84615e-06 0 0 0 0 0 0 5284 282.889 3028.33 12 1246.06
0.000746154 3.84615e-06 0 0 0 0 0 0 5290 286.415 3009.52 12 1500.39
0.00075 3.84615e-06 0 0 0 0 0 0 5293 288.032 3011 12 3272.98
0.000753846 3.84615e-06 0 0 0 0 0 0 5326 295.543 2952.5 12 709.079
0.000757692 3.84615e-06 0 0 0 0 0 0 5380 301.043 2916.43 12 978.236
0.000761538 3.84615e-06 0 0 0 0 0 0 5395 306.001 2886.8 12 1087.98
0.000765385 3.84615e-06 0 0 0 0 0 0 5371 308.328 2882.44 12 2308.88
0.000769231 3.84615e-06 0 0 0 0 0 0 5404 309.693 2887.18 12 3956.46
0.000773077 3.84615e-06 0 0 0 0 0 0 5422 311.932 2883.84 12 2421.83
0.000776923 3.84615e-06 0 0 0 0 0 0 5461 315.986 2864.13 12 1347.3
0.000780769 3.84615e-06 0 0 0 0 0 0 5458 319.213 2852.27 12 1691.02
0.000784615 3.84615e-06 0 0 0 0 0 0 5431 325.405 2814.68 12 877.106
0.000788462 3.84615e-06 0 0 0 0 0 0 5437 329.383 2797.19 12 1366.68
0.000792308 3.84615e-06 0 0 0 0 0 0 5434 331.77 2793.45 12 2277.29
0.000796154 3.84615e-06 0 0 0 0 0 0 5449 333.844 2792.42 12 2627.31
0.0008 3.84615e-06 0 0 0 0 0 0 5461 335.745 2792.87 12 2872.25
0.000803846 3.84615e-06 0 0 0 0 0 0 5452 339.086 2781.43 12 1631.91
0.000807692 3.84615e-06 0 0 0 0 0 0 5464 340.304 2787.54 12 4486.83
0.000811538 3.84615e-06 0 0 0 0 0 0 5506 343.073 2781.09 12 1988.35
0.000815385 3.84615e-06 0 0 0 0 0 0 5497 344.526 2785.31 12 3781.33
0.000819231 3.84615e-06 0 0 0 0 0 0 5533 345.814 2790.93 12 4295.72
0.000823077 3.84615e-06 0 0 0 0 0 0 5527 349.887 2774.24 12 1357.01
0.000826923 3.84615e-06 0 0 0 0 0 0 5515 369.525 2641.74 12 280.843
0.000830769 3.84615e-06 0 0 0 0 0 0 5533 371.491 2642.64 12 2813.22
0.000834615 3.84615e-06 0 0 0 0 0 0 5545 379.761 2599.7 12 670.495
0.000837692 3.07692e-06 0 0 0 0 0 0 5560 387.508 2562.08 12 717.729
0.000840769 3.07692e-06 0 0 0 0 0 0 5578 390.335 2557.81 12 1972.98
0.000843846 3.07692e-06 0 0 0 0 0 0 5575 392.186 2559.95 12 3012.17
0.000846923 3.07692e-06 0 0 0 0 0 0 5581 393.242 2567.27 12 5285.98
0.00085 3.07692e-06 0 0 0 0 0 0 5599 394.763 2571.56 12 3681.45
0.000853571 3.57143e-06 0 0 0 0 0 0 5614 398.305 2562.79 12 1584.97
0.000860714 3.57143e-06 0 0 0 0 0 0 5626 399.986 2580.1 12 6932.52
0.000864286 3.57143e-06 0 0 0 0 0 0 5596 401.847 2582.08 12 3007.34
0.000867857 3.57143e-06 0 0 0 0 0 0 5620 404.15 2581.27 12 2439.83
0.000875 3.57143e-06 0 0 0 0 0 0 5671 405.935 2597.87 12 6183.06
0.000882143 3.57143e-06 0 0 0 0 0 0 5701 407.568 2615.38 12 6738.14
0.000889286 3.57143e-06 0 0 0 0 0 0 5752 409.636 2630.24 12 4735.51
0.000896429 3.57143e-06 0 0 0 0 0 0 5764 411.157 2648.56 12 7904.9
0.000903571 3.57143e-06 0 0 0 0 0 0 5806 414.719 2653.79 12 2093.37
0.000910714 3.57143e-06 0 0 0 0 0 0 5800 416.433 2670.72 12 6372.76
0.000917857 3.57143e-06 0 0 0 0 0 0 5830 418.324 2686.47 12 6039.67
0.000925 3.57143e-06 0 0 0 0 0 0 5857 420.041 2703.31 12 6662.4
0.000932143 3.57143e-06 0 0 0 0 0 0 5878 421.996 2718.66 12 5857.36
0.000939286 3.57143e-06 0 0 0 0 0 0 5920 424.619 2729.71 12 3516.59
0.000946429 3.57143e-06 0 0 0 0 0 0 5953 426.411 2746.14 12 6943.77
0.000953333 3.33333e-06 0 0 0 0 0 0 5983 430.368 2748.68 12 1932.87
0.00096 3.33333e-06 0 0 0 0 0 0 6010 432.45 2763.18 12 5126.7
0.000966667 3.33333e-06 0 0 0 0 0 0 6043 434.708 2776.64 12 4310.11
0.000973333 3.33333e-06 0 0 0 0 0 0 6037 436.474 2793.06 12 7109.35
0.00098 3.33333e-06 0 0 0 0 0 0 6058 438.168 2809.82 12 7370.2
0.000986667 3.33333e-06 0 0 0 0 0 0 6118 439.951 2826.16 12 6882.92
0.00099 3.33333e-06 0 0 0 0 0 0 6160 448.079 2788.64 12 757.906
0.000993333 3.33333e-06 0 0 0 0 0 0 6169 450.751 2785.79 12 2308.42
0.000996667 3.33333e-06 0 0 0 0 0 0 6211 451.956 2792.11 12 5154.5
0.001 3.33333e-06 0 0 0 0 0 0 6220 452.989 2799.48 12 6022.43
0.00100333 3.33333e-06 0 0 0 0 0 0 6151 456.335 2792.42 12 1837.97
0.00100692 3.58974e-06 0 0 0 0 0 0 6124 457.77 2797.05 12 4268.95
0.00101446 3.94872e-06 0 0 0 0 0 0 6055 459.538 2812.74 12 7143.74
0.00102236 3.94872e-06 0 0 0 0 0 0 6040 462.18 2822.85 12 3228.88
0.00103026 3.94872e-06 0 0 0 0 0 0 6031 463.691 2839.64 12 8641.45
0.00103421 3.94872e-06 0 0 0 0 0 0 6034 464.916 2845.14 12 4927.91
0.00103815 3.94872e-06 0 0 0 0 0 0 6058 465.917 2852.03 12 6049.07
0.00104605 3.94872e-06 0 0 0 0 0 0 6055 467.802 2866.44 12 6604.77
0.001055 5e-06 0 0 0 0 0 0 6100 471.917 2867.24 12 1823.18
0.00106 5e-06 0 0 0 0 0 0 6097 473.369 2871.32 12 4198.9
0.00107 5e-06 0 0 0 0 0 0 6121 474.598 2889.66 12 9448.8
0.001075 5e-06 0 0 0 0 0 0 6136 475.925 2894.5 12 4625.03
0.001085 5e-06 0 0 0 0 0 0 6163 477.238 2912.39 12 10242.9
0.001095 5e-06 0 0 0 0 0 0 6223 478.625 2929.84 12 8147.84
0.00110556 5.55556e-06 0 0 0 0 0 0 6208 482.232 2933.73 12 2241.64
0.00111667 5.55556e-06 0 0 0 0 0 0 6211 483.755 2950.17 12 9250.64
0.00112778 5.55556e-06 0 0 0 0 0 0 6220 485.694 2964 12 4752.48
0.00113889 5.55556e-06 0 0 0 0 0 0 6262 487.557 2978.3 12 6595.27
0.00115 5.55556e-06 0 0 0 0 0 0 6238 489.28 2993.37 12 7215.54
0.00115556 5.55556e-06 0 0 0 0 0 0 6271 492.107 2988.91 12 2218.35
0.00116111 5.55556e-06 0 0 0 0 0 0 6268 493.902 2990.74 12 3491.89
0.00116667 5.55556e-06 0 0 0 0 0 0 6298 494.988 2996.9 12 5799.96
0.00117222 5.55556e-06 0 0 0 0 0 0 6289 500.637 2975.65 12 1113.26
0.00117778 5.55556e-06 0 0 0 0 0 0 6313 508.256 2943.46 12 828.578
0.00118333 5.55556e-06 0 0 0 0 0 0 6355 517.765 2901.68 12 668.302
0.00118889 5.55556e-06 0 0 0 0 0 0 6346 522.677 2886.55 12 1292.11
0.00119444 5.55556e-06 0 0 0 0 0 0 6349 524.282 2889.83 12 3956.05
0.0012 5.55556e-06 0 0 0 0 0 0 6397 525.464 2895.5 12 5410.53
0.00120556 5.55556e-06 0 0 0 0 0 0 6415 528.237 2892.44 12 2313.64
0.00121667 5.55556e-06 0 0 0 0 0 0 6385 529.909 2907.47 12 7220.27
0.00122778 5.55556e-06 0 0 0 0 0 0 6358 531.582 2922.31 12 7739.21
0.00123889 5.55556e-06 0 0 0 0 0 0 6340 533.281 2936.84 12 7159.95
0.00125 5.55556e-06 0 0 0 0 0 0 6346 534.917 2951.62 12 7484.05
0.00125556 5.55556e-06 0 0 0 0 0 0 6379 537.578 2948.88 12 2397.26
0.00126667 5.55556e-06 0 0 0 0 0 0 6433 539.197 2963.78 12 8037.65
0.00127778 5.55556e-06 0 0 0 0 0 0 6436 540.812 2978.72 12 7789.08
0.00128889 5.55556e-06 0 0 0 0 0 0 6502 542.604 2992.78 12 7469.13
0.0013 5.55556e-06 0 0 0 0 0 0 6535 544.269 3007.54 12 7900.81
0.00130556 5.55556e-06 0 0 0 0 0 0 6553 547.092 3003.99 12 2321.02
0.00131667 5.55556e-06 0 0 0 0 0 0 6571 548.651 3019.42 12 8745.71
0.00132778 5.55556e-06 0 0 0 0 0 0 6631 550.272 3034.6 12 8084.35
0.00133889 5.55556e-06 0 0 0 0 0 0 6598 551.935 3049.43 12 8040.43
0.00135 5.55556e-06 0 0 0 0 0 0 6664 553.539 3064.66 12 8339.53
0.00135556 5.55556e-06 0 0 0 0 0 0 6667 556.884 3058.22 12 1993.11
0.00136667 5.55556e-06 0 0 0 0 0 0 6709 558.52 3073.26 12 8202.81
0.00137778 5.55556e-06 0 0 0 0 0 0 6715 560.199 3088.03 12 7964.71
0.00138333 5.55556e-06 0 0 0 0 0 0 6742 567.864 3058.22 12 879.55
0.00138889 5.55556e-06 0 0 0 0 0 0 6754 569.804 3059.66 12 3482.49
0.00139444 5.55556e-06 0 0 0 0 0 0 6781 571.258 3063.74 12 4664.6
0.0014 5.55556e-06 0 0 0 0 0 0 6790 572.374 3069.63 12 6083.9
0.00140556 5.55556e-06 0 0 0 0 0 0 6784 575.863 3062.81 12 1944.32
0.00141111 5.55556e-06 0 0 0 0 0 0 6805 577.274 3067.12 12 4822.3
0.00141667 5.55556e-06 0 0 0 0 0 0 6829 578.573 3072.03 12 5256.05
0.00142778 5.55556e-06 0 0 0 0 0 0 6832 579.946 3088.28 12 8676.24
0.00143333 5.55556e-06 0 0 0 0 0 0 6898 581.997 3089.26 12 3364.24
0.00143889 5.55556e-06 0 0 0 0 0 0 6901 583.012 3095.71 12 6798.87
0.00145 5.55556e-06 0 0 0 0 0 0 6988 584.981 3109.11 12 6904.32
0.00145556 5.55556e-06 0 0 0 0 0 0 6973 588.112 3104.41 12 2227.31
0.00146667 5.55556e-06 0 0 0 0 0 0 6991 589.911 3118.63 12 7923.43
0.00147685 4.62963e-06 0 0 0 0 0 0 7003 591.631 3133.2 12 8382.66
0.00148611 4.62963e-06 0 0 0 0 0 0 6967 593.448 3147.14 12 7444.07
0.00149537 4.62963e-06 0 0 0 0 0 0 6967 595.034 3162.17 12 8541.88
0.001505 5e-06 0 0 0 0 0 0 6976 598.699 3166.12 12 2469.33
0.001515 5e-06 0 0 0 0 0 0 6952 600.18 3181.52 12 8551.26
0.001525 5e-06 0 0 0 0 0 0 7015 601.802 3196.21 12 9076.01
0.001535 5e-06 0 0 0 0 0 0 7069 603.058 3212.97 12 10564.6
0.001545 5e-06 0 0 0 0 0 0 7087 605.066 3225.73 12 6790.19
0.001555 5e-06 0 0 0 0 0 0 7159 610.047 3222.83 12 1722.27
0.00156 5e-06 0 0 0 0 0 0 7144 611.301 3227.9 12 5695.64
0.00157 5e-06 0 0 0 0 0 0 7159 613.341 3240.51 12 6187.76
0.001575 5e-06 0 0 0 0 0 0 7192 614.459 3246.32 12 6437.12
0.001585 5e-06 0 0 0 0 0 0 7177 616.443 3259.2 12 7164.89
0.00159 5e-06 0 0 0 0 0 0 7210 617.931 3263.01 12 4843.59
0.0016 5e-06 0 0 0 0 0 0 7222 619.703 3277.02 12 8291.8
0.001605 5e-06 0 0 0 0 0 0 7249 630.738 3231.18 12 656.908
0.00161 5e-06 0 0 0 0 0 0 7270 632.058 3235.93 12 5505.24
0.001615 5e-06 0 0 0 0 0 0 7246 633.314 3240.96 12 5768.81
0.00162 5e-06 0 0 0 0 0 0 7234 634.348 3247.08 12 6996.25
0.00163 5e-06 0 0 0 0 0 0 7234 636.092 3260.95 12 8109.27
0.00164 5e-06 0 0 0 0 0 0 7246 643.913 3243.84 12 1033.04
0.001645 5e-06 0 0 0 0 0 0 7255 645.72 3246 12 4016.62
0.00165 5e-06 0 0 0 0 0 0 7309 647.072 3250.51 12 5406.22
0.001655 5e-06 0 0 0 0 0 0 7327 650.41 3245.09 12 2195.11
0.00166 5e-06 0 0 0 0 0 0 7309 654.57 3235.63 12 1756.66
0.001665 5e-06 0 0 0 0 0 0 7300 656.958 3234.98 12 3056.83
0.00167 5e-06 0 0 0 0 0 0 7315 659.445 3233.88 12 2942.26
0.00168 5e-06 0 0 0 0 0 0 7339 661.197 3247.46 12 9224.57
0.00169 5e-06 0 0 0 0 0 0 7357 662.92 3261.25 12 8080.47
0.0017 5e-06 0 0 0 0 0 0 7387 664.672 3274.85 12 9086.34
0.001705 5e-06 0 0 0 0 0 0 7357 667.633 3271.34 12 2484.16
0.00171 5e-06 0 0 0 0 0 0 7363 668.966 3275.83 12 5524.53
0.001715 5e-06 0 0 0 0 0 0 7354 670.05 3281.51 12 6787.86
0.00171937 4.375e-06 0 0 0 0 0 0 7351 671.135 3287.15 12 6769.51
0.00172375 4.375e-06 0 0 0 0 0 0 7369 672.236 3292.74 12 6698.07
0.00172812 4.375e-06 0 0 0 0 0 0 7342 675.346 3288.44 12 2360.45
0.0017325 4.375e-06 0 0 0 0 0 0 7384 677.516 3288.81 12 3403.07
0.00173687 4.375e-06 0 0 0 0 0 0 7360 679.65 3289.31 12 3448.92
0.00174125 4.375e-06 0 0 0 0 0 0 7396 688.334 3258.56 12 851.674
0.00174562 4.375e-06 0 0 0 0 0 0 7396 691.093 3256.25 12 2680.15
0.00175 4.375e-06 0 0 0 0 0 0 7402 694.707 3249.97 12 2048.48
0.00175455 4.54545e-06 0 0 0 0 0 0 7420 699.218 3239.61 12 1644.81
0.00175909 4.54545e-06 0 0 0 0 0 0 7468 707.621 3211.69 12 888.683
0.00176364 4.54545e-06 0 0 0 0 0 0 7474 710.479 3209.29 12 2615.07
0.00176818 4.54545e-06 0 0 0 0 0 0 7498 711.566 3214.93 12 6898.13
0.00177727 4.54545e-06 0 0 0 0 0 0 7522 714.071 3224.74 12 4595.96
0.00178182 4.54545e-06 0 0 0 0 0 0 7501 715.41 3229.19 12 5603.47
0.00178636 4.54545e-06 0 0 0 0 0 0 7519 719.841 3219.76 12 1696.72
0.00179091 4.54545e-06 0 0 0 0 0 0 7528 722.903 3216.53 12 2458.63
0.00179545 4.54545e-06 0 0 0 0 0 0 7492 726.292 3211.84 12 2210.39
0.0018 4.54545e-06 0 0 0 0 0 0 7495 727.689 3215.97 12 5368.41
0.001805 5e-06 0 0 0 0 0 0 7504 731.772 3208.28 12 1837.78
0.00181 5e-06 0 0 0 0 0 0 7528 733.272 3211.99 12 5019.01
0.001815 5e-06 0 0 0 0 0 0 7531 734.418 3217.23 12 6567.99
0.00182 5e-06 0 0 0 0 0 0 7504 735.629 3222.13 12 6199.13
0.001825 5e-06 0 0 0 0 0 0 7522 736.913 3226.73 12 5859
0.001835 5e-06 0 0 0 0 0 0 7582 739.669 3235.14 12 4098.91
0.00184 5e-06 0 0 0 0 0 0 7546 749.912 3201.01 12 736.634
0.00185 5e-06 0 0 0 0 0 0 7582 751.559 3214.15 12 10077.5
0.00185556 5.55556e-06 0 0 0 0 0 0 7642 754.816 3210.4 12 2346.37
0.00186111 5.55556e-06 0 0 0 0 0 0 7651 756.153 3214.84 12 5721.94
0.00187222 5.55556e-06 0 0 0 0 0 0 7678 757.421 3229.7 12 11206.9
0.00188333 5.55556e-06 0 0 0 0 0 0 7708 759.768 3240.02 12 4852.22
0.00188889 5.55556e-06 0 0 0 0 0 0 7717 763.63 3233.74 12 1998.27
0.0019 5.55556e-06 0 0 0 0 0 0 7684 766.939 3239.85 12 3021.29
0.00190556 5.55556e-06 0 0 0 0 0 0 7681 770.412 3235.21 12 2211.54
0.00192222 5.55556e-06 0 0 0 0 0 0 7645 772.127 3257.83 12 10659.6
0.00193333 5.55556e-06 0 0 0 0 0 0 7645 774.575 3267.26 12 4509.35
0.00194444 5.55556e-06 0 0 0 0 0 0 7630 775.781 3281.86 12 10538.5
0.00195625 6.25e-06 0 0 0 0 0 0 7645 778.773 3288.9 12 3104.01
0.00196875 6.25e-06 0 0 0 0 0 0 7678 780.433 3301.54 12 8247.75
0.00198125 6.25e-06 0 0 0 0 0 0 7681 781.691 3315.86 12 14222.3
0.00199375 6.25e-06 0 0 0 0 0 0 7714 782.886 3330.47 12 10984.5
0.00200625 6.25e-06 0 0 0 0 0 0 7753 786.276 3335.82 12 2908.68
0.00201875 6.25e-06 0 0 0 0 0 0 7849 787.468 3350.63 12 16928.8
0.00203125 6.25e-06 0 0 0 0 0 0 7834 788.742 3365.1 12 10986.6
0.00204375 6.25e-06 0 0 0 0 0 0 7873 790.441 3377.75 12 7386.66
0.00205625 6.25e-06 0 0 0 0 0 0 7861 793.895 3382.85 12 2873.47
0.002075 6.25e-06 0 0 0 0 0 0 7846 795.574 3405.26 12 11033.7
0.0020875 6.25e-06 0 0 0 0 0 0 7861 796.598 3420.59 12 16267.2
0.0021 6.25e-06 0 0 0 0 0 0 7822 797.858 3434.84 12 13530.5
0.00210625 6.25e-06 0 0 0 0 0 0 7816 800.742 3432.23 12 2709.67
0.00211875 6.25e-06 0 0 0 0 0 0 7891 801.908 3446.9 12 15995.2
0.00213125 6.25e-06 0 0 0 0 0 0 7912 803.191 3461.05 12 11068.8
0.00215 6.25e-06 0 0 0 0 0 0 7852 804.881 3483.14 12 10974.6
0.00215625 6.25e-06 0 0 0 0 0 0 7861 807.58 3481.23 12 2911.62
0.00216875 6.25e-06 0 0 0 0 0 0 7906 808.821 3495.37 12 15261.9
0.00218125 6.25e-06 0 0 0 0 0 0 7894 810.638 3507 12 5934.23
0.00219375 6.25e-06 0 0 0 0 0 0 7906 811.742 3521.71 12 12972.4
0.00220625 6.25e-06 0 0 0 0 0 0 7945 815.23 3526.1 12 2894.68
0.00221875 6.25e-06 0 0 0 0 0 0 7939 816.39 3540.53 12 17272.3
0.00223125 6.25e-06 0 0 0 0 0 0 7978 817.677 3554.4 12 11221.3
0.00224375 6.25e-06 0 0 0 0 0 0 7936 818.714 3569.3 12 13626.4
0.00225625 6.25e-06 0 0 0 0 0 0 7960 822.125 3573.81 12 2947.73
0.00226875 6.25e-06 0 0 0 0 0 0 7951 823.446 3587.41 12 12948.9
0.00228125 6.25e-06 0 0 0 0 0 0 7975 824.548 3601.94 12 12705.3
0.00229375 6.25e-06 0 0 0 0 0 0 7945 825.71 3616.1 12 17426.2
0.00230625 6.25e-06 0 0 0 0 0 0 7963 828.856 3621.61 12 3044.42
0.00231875 6.25e-06 0 0 0 0 0 0 8068 830.679 3633 12 7301.83
0.00233125 6.25e-06 0 0 0 0 0 0 8086 832.014 3646.62 12 11178.8
0.00234375 6.25e-06 0 0 0 0 0 0 8098 833.019 3661.64 12 14987.1
0.00235625 6.25e-06 0 0 0 0 0 0 8119 836.356 3666.44 12 3138.34
0.00236875 6.25e-06 0 0 0 0 0 0 8107 837.732 3679.79 12 11894.4
0.00238125 6.25e-06 0 0 0 0 0 0 8128 838.782 3694.55 12 13902.2
0.00239375 6.25e-06 0 0 0 0 0 0 8152 840.448 3706.6 12 9012.54
0.00240714 7.14286e-06 0 0 0 0 0 0 8086 844.041 3710.02 12 2971.86
0.00242143 7.14286e-06 0 0 0 0 0 0 8053 845.481 3722.75 12 10955.4
0.00243571 7.14286e-06 0 0 0 0 0 0 8032 846.527 3737.13 12 16401.9
0.00245 7.14286e-06 0 0 0 0 0 0 8026 847.922 3749.91 12 11122.7
0.00245714 7.14286e-06 0 0 0 0 0 0 8044 851.373 3744.15 12 2330.89
0.00247143 7.14286e-06 0 0 0 0 0 0 8098 852.431 3758.47 12 13939.6
0.00248571 7.14286e-06 0 0 0 0 0 0 8146 853.794 3771.52 12 12788.4
0.0025 7.14286e-06 0 0 0 0 0 0 8146 854.9 3785.71 12 13479.1
0.00250714 7.14286e-06 0 0 0 0 0 0 8146 857.54 3783.56 12 3085.83
0.00252143 7.14286e-06 0 0 0 0 0 0 8176 859.002 3796.16 12 11286.8
0.00253571 7.14286e-06 0 0 0 0 0 0 8221 860.091 3810.46 12 16293.8
0.00254286 7.14286e-06 0 0 0 0 0 0 8203 861.365 3814.34 12 6438.09
0.00255714 7.14286e-06 0 0 0 0 0 0 8194 864.481 3819.56 12 3121.06
0.00257143 7.14286e-06 0 0 0 0 0 0 8158 865.831 3832.46 12 11117.8
0.00258571 7.14286e-06 0 0 0 0 0 0 8164 866.999 3846.16 12 16852.8
0.0026 7.14286e-06 0 0 0 0 0 0 8164 868.315 3859.13 12 11702.3
0.00260714 7.14286e-06 0 0 0 0 0 0 8101 871.654 3853.64 12 2426
0.00262143 7.14286e-06 0 0 0 0 0 0 8068 872.86 3866.81 12 17097.2
0.00263571 7.14286e-06 0 0 0 0 0 0 8062 874.139 3879.61 12 11057.1
0.00265 7.14286e-06 0 0 0 0 0 0 8095 875.251 3893.17 12 17023.9
0.00265714 7.14286e-06 0 0 0 0 0 0 8107 877.857 3890.85 12 3110.64
0.00267143 7.14286e-06 0 0 0 0 0 0 8212 879.155 3903.73 12 11174.6
0.00268571 7.14286e-06 0 0 0 0 0 0 8233 880.244 3917.59 12 16506.5
0.00269286 7.14286e-06 0 0 0 0 0 0 8248 881.629 3920.79 12 5955.15
0.00270714 7.14286e-06 0 0 0 0 0 0 8254 884.869 3925.07 12 2965.77
0.00272143 7.14286e-06 0 0 0 0 0 0 8245 885.99 3938.71 12 12824.2
0.00273571 7.14286e-06 0 0 0 0 0 0 8224 887.191 3951.93 12 17584.8
0.00275 7.14286e-06 0 0 0 0 0 0 8215 888.35 3965.26 12 13919.5
0.00275833 8.33333e-06 0 0 0 0 0 0 8194 891.777 3959.21 12 2391.19
0.002775 8.33333e-06 0 0 0 0 0 0 8086 892.83 3972.72 12 15319.1
0.00279167 8.33333e-06 0 0 0 0 0 0 8044 894.372 3983.88 12 10979.7
0.00280833 8.33333e-06 0 0 0 0 0 0 8068 897.822 3986.52 12 2958.18
0.002825 8.33333e-06 0 0 0 0 0 0 8080 899.248 3998.18 12 11470.5
0.00284167 8.33333e-06 0 0 0 0 0 0 8050 900.321 4011.33 12 13947.3
0.00285 8.33333e-06 0 0 0 0 0 0 8056 901.624 4014.47 12 6182.31
0.00285833 8.33333e-06 0 0 0 0 0 0 8062 904.496 4010.64 12 2806.68
0.002875 8.33333e-06 0 0 0 0 0 0 8080 905.6 4023.58 12 16333
0.00289167 8.33333e-06 0 0 0 0 0 0 8104 906.993 4035.27 12 10995.3
0.00290833 8.33333e-06 0 0 0 0 0 0 8044 910.199 4038.77 12 2950.46
0.002925 8.33333e-06 0 0 0 0 0 0 8029 911.739 4049.56 12 7787.59
0.00294167 8.33333e-06 0 0 0 0 0 0 7993 913.035 4061.34 12 11125.2
0.00295833 8.33333e-06 0 0 0 0 0 0 7969 916.457 4063.6 12 2797.5
0.002975 8.33333e-06 0 0 0 0 0 0 7882 917.63 4075.59 12 17270.1
0.00299167 8.33333e-06 0 0 0 0 0 0 7891 918.924 4087.02 12 10885.9
0.00300833 8.33333e-06 0 0 0 0 0 0 7834 922.552 4087.97 12 2652.11
0.003025 8.33333e-06 0 0 0 0 0 0 7810 923.896 4098.94 12 10955.3
0.00304167 8.33333e-06 0 0 0 0 0 0 7774 924.932 4111.17 12 13464.8
0.00305833 8.33333e-06 0 0 0 0 0 0 7714 928.379 4112.57 12 2821.93
0.003075 8.33333e-06 0 0 0 0 0 0 7684 929.658 4123.44 12 13304.3
0.00309167 8.33333e-06 0 0 0 0 0 0 7654 930.875 4134.54 12 10666.3
0.00310833 8.33333e-06 0 0 0 0 0 0 7642 934.461 4135.02 12 2933.58
0.003125 8.33333e-06 0 0 0 0 0 0 7630 935.548 4146.53 12 16166.2
0.00314167 8.33333e-06 0 0 0 0 0 0 7594 936.953 4156.55 12 10421
0.00315833 8.33333e-06 0 0 0 0 0 0 7564 940.08 4158.84 12 2834.87
0.003175 8.33333e-06 0 0 0 0 0 0 7528 942.028 4166.22 12 5203.77
0.00319167 8.33333e-06 0 0 0 0 0 0 7483 943.104 4177.35 12 16223.4
0.00320833 8.33333e-06 0 0 0 0 0 0 7483 946.345 4178.85 12 2852.68
0.003225 8.33333e-06 0 0 0 0 0 0 7453 947.737 4188.44 12 11045.1
0.00324167 8.33333e-06 0 0 0 0 0 0 7420 948.771 4199.55 12 12612.9
0.00325833 8.33333e-06 0 0 0 0 0 0 7390 952.233 4199.82 12 2667.65
0.003275 8.33333e-06 0 0 0 0 0 0 7336 953.586 4209.29 12 11061.9
0.00329167 8.33333e-06 0 0 0 0 0 0 7291 954.719 4219.6 12 10737.3
0.00330833 8.33333e-06 0 0 0 0 0 0 7291 957.703 4221.7 12 2854.18
0.003325 8.33333e-06 0 0 0 0 0 0 7249 958.961 4231.27 12 10011.6
0.00334167 8.33333e-06 0 0 0 0 0 0 7228 959.987 4241.79 12 14616.5
0.00335833 8.33333e-06 0 0 0 0 0 0 7225 963.828 4239.88 12 2299.84
0.00338333 8.33333e-06 0 0 0 0 0 0 7171 965.495 4254.92 12 10434.1
0.00340833 8.33333e-06 0 0 0 0 0 0 7102 969.129 4261.01 12 2654.66
0.003425 8.33333e-06 0 0 0 0 0 0 7093 970.218 4270.85 12 17349.9
0.00345 8.33333e-06 0 0 0 0 0 0 7069 972.391 4283.13 12 5790.21
0.00345833 8.33333e-06 0 0 0 0 0 0 7045 975.098 4278.47 12 2602.68
0.003475 8.33333e-06 0 0 0 0 0 0 7027 976.218 4287.96 12 16266.4
0.00349167 8.33333e-06 0 0 0 0 0 0 7057 977.52 4296.69 12 10547.6
0.00350833 8.33333e-06 0 0 0 0 0 0 7012 980.554 4297.73 12 2722.74
0.003525 8.33333e-06 0 0 0 0 0 0 6943 982.182 4304.78 12 6458.13
0.00354167 8.33333e-06 0 0 0 0 0 0 6883 983.238 4314.18 12 15532.6
0.00355833 8.33333e-06 0 0 0 0 0 0 6814 986.426 4314.1 12 2621.91
0.003575 8.33333e-06 0 0 0 0 0 0 6727 987.756 4321.94 12 10972.4
0.00359167 8.33333e-06 0 0 0 0 0 0 6706 988.799 4330.96 12 11395
0.00360833 8.33333e-06 0 0 0 0 0 0 6697 992.439 4328.58 12 2164.37
0.003625 8.33333e-06 0 0 0 0 0 0 6730 993.538 4337.33 12 15961.9
0.00364167 8.33333e-06 0 0 0 0 0 0 6724 994.619 4346.17 12 14774.2
0.00365833 8.33333e-06 0 0 0 0 0 0 6673 997.662 4346.31 12 2568.65
0.003675 8.33333e-06 0 0 0 0 0 0 6640 998.737 4354.94 12 16306.9
0.00369167 8.33333e-06 0 0 0 0 0 0 6589 999.879 4363.16 12 10577.3
0.00370833 8.33333e-06 0 0 0 0 0 0 6580 1002.89 4363.2 12 2531.55
0.003725 8.33333e-06 0 0 0 0 0 0 6562 1004.03 4371.32 12 12138.7
0.00374167 8.33333e-06 0 0 0 0 0 0 6535 1005.23 4379.1 12 9261.08
0.00375833 8.33333e-06 0 0 0 0 0 0 6490 1008.17 4379.25 12 2573.3
0.003775 8.33333e-06 0 0 0 0 0 0 6454 1009.22 4387.5 12 16272.4
0.00379167 8.33333e-06 0 0 0 0 0 0 6421 1010.31 4395.51 12 10717.1
0.00380833 8.33333e-06 0 0 0 0 0 0 6367 1013.27 4395.24 12 2492.73
0.003825 8.33333e-06 0 0 0 0 0 0 6373 1014.5 4402.46 12 10720.8
0.00384167 8.33333e-06 0 0 0 0 0 0 6367 1015.55 4410.47 12 10198.5
0.00385833 8.33333e-06 0 0 0 0 0 0 6355 1018.73 4409.18 12 2329.29
0.003875 8.33333e-06 0 0 0 0 0 0 6346 1019.74 4417.26 12 10674.6
0.0039 8.33333e-06 0 0 0 0 0 0 6307 1021.32 4429.01 12 10756.5
0.00390833 8.33333e-06 0 0 0 0 0 0 6307 1024.09 4423.17 12 2273.21
0.00393333 8.33333e-06 0 0 0 0 0 0 6241 1025.65 4434.78 12 9689.04
0.00395833 8.33333e-06 0 0 0 0 0 0 6163 1029.26 4437.23 12 2295.01
0.00398333 8.33333e-06 0 0 0 0 0 0 6112 1030.59 4449.38 12 12775.1
0.004 8.33333e-06 0 0 0 0 0 0 6052 1031.64 4456.61 12 9456.75
0.00400833 8.33333e-06 0 0 0 0 0 0 6028 1034.28 4451.07 12 2285.07
0.004025 8.33333e-06 0 0 0 0 0 0 6004 1035.3 4458.31 12 14174.1
0.00404167 8.33333e-06 0 0 0 0 0 0 5974 1036.43 4464.99 12 11224.3
0.00405833 8.33333e-06 0 0 0 0 0 0 5938 1039.38 4463.74 12 2323.53
0.004075 8.33333e-06 0 0 0 0 0 0 5875 1040.49 4470.3 12 13193.1
0.00409167 8.33333e-06 0 0 0 0 0 0 5845 1041.67 4476.46 12 8912.3
0.00410833 8.33333e-06 0 0 0 0 0 0 5806 1044.51 4475.42 12 2377.02
0.004125 8.33333e-06 0 0 0 0 0 0 5803 1045.65 4481.68 12 11914.1
0.00414167 8.33333e-06 0 0 0 0 0 0 5785 1046.71 4488.19 12 9159.96
0.00415833 8.33333e-06 0 0 0 0 0 0 5749 1049.64 4486.63 12 2255.73
0.00418333 8.33333e-06 0 0 0 0 0 0 5713 1050.92 4497.5 12 14562.5
0.00420833 8.33333e-06 0 0 0 0 0 0 5662 1054.36 4498.99 12 2297.58
0.00423333 8.33333e-06 0 0 0 0 0 0 5593 1055.88 4508.47 12 10314
0.00425833 8.33333e-06 0 0 0 0 0 0 5590 1059.31 4509.72 12 2182.15
0.00428333 8.33333e-06 0 0 0 0 0 0 5566 1060.66 4519.74 12 11164
0.00430833 8.33333e-06 0 0 0 0 0 0 5542 1064.37 4519.6 12 2015.15
0.00433333 8.33333e-06 0 0 0 0 0 0 5521 1065.77 4529.21 12 10559.7
0.00435 8.33333e-06 0 0 0 0 0 0 5539 1066.79 4535.26 12 9013.45
0.00435833 8.33333e-06 0 0 0 0 0 0 5533 1069.42 4529.28 12 2104.65
0.00438333 8.33333e-06 0 0 0 0 0 0 5509 1070.99 4538.1 12 9603.32
0.00440833 8.33333e-06 0 0 0 0 0 0 5485 1074.51 4538.57 12 2160.1
0.004425 8.33333e-06 0 0 0 0 0 0 5476 1075.51 4544.52 12 13791.1
0.00445 8.33333e-06 0 0 0 0 0 0 5443 1076.78 4554.35 12 12368.1
0.00445833 8.33333e-06 0 0 0 0 0 0 5422 1079.5 4547.88 12 1990.49
0.00448333 8.33333e-06 0 0 0 0 0 0 5392 1080.71 4557.78 12 15900.3
0.00450833 8.33333e-06 0 0 0 0 0 0 5365 1083.97 4558.91 12 2215.79
0.00453333 8.33333e-06 0 0 0 0 0 0 5323 1085.48 4567.31 12 9618.43
0.00456 1e-05 0 0 0 0 0 0 5314 1088.98 4567.25 12 2012.01
0.00459 1e-05 0 0 0 0 0 0 5314 1090.49 4575.57 12 9105.65
0.00461 1e-05 0 0 0 0 0 0 5305 1093.45 4572.86 12 2081.63
0.00463 1e-05 0 0 0 0 0 0 5302 1094.49 4578.23 12 11562.2
0.00465 1e-05 0 0 0 0 0 0 5290 1095.49 4583.71 12 8668.82
0.00466 1e-05 0 0 0 0 0 0 5287 1098.32 4576.71 12 1868.08
0.00468 1e-05 0 0 0 0 0 0 5242 1099.47 4581.51 12 9432.64
0.00471 1e-05 0 0 0 0 0 0 5209 1103.42 4579.31 12 1752.81
0.00474 1e-05 0 0 0 0 0 0 5155 1104.83 4587.51 12 8869.31
0.00476 1e-05 0 0 0 0 0 0 5143 1107.71 4584.88 12 2068.64
0.00479 1e-05 0 0 0 0 0 0 5071 1109.05 4593.09 12 14196.6
0.00481 1e-05 0 0 0 0 0 0 5074 1112.09 4589.67 12 1971.23
0.00483 1e-05 0 0 0 0 0 0 5092 1113.66 4592.35 12 4199.2
0.00486 1e-05 0 0 0 0 0 0 5083 1117.1 4591.85 12 1994.54
0.00489 1e-05 0 0 0 0 0 0 5074 1118.64 4599.15 12 8388.41
0.00491 1e-05 0 0 0 0 0 0 5041 1121.42 4596.75 12 2079.42
0.00494 1e-05 0 0 0 0 0 0 4999 1123.04 4603.51 12 6753.21
0.00496 1e-05 0 0 0 0 0 0 4972 1126.3 4599.06 12 1975.48
0.00499 1e-05 0 0 0 0 0 0 4966 1127.55 4607.15 12 14547.6
0.00501 1e-05 0 0 0 0 0 0 4924 1130.61 4603.39 12 1929.48
0.00504 1e-05 0 0 0 0 0 0 4891 1131.8 4611.56 12 14019.3
0.00506 1e-05 0 0 0 0 0 0 4876 1134.94 4607.38 12 1830.36
0.00508 1e-05 0 0 0 0 0 0 4870 1135.98 4611.75 12 10913.7
0.00511 1e-05 0 0 0 0 0 0 4849 1139.2 4611.53 12 2054.57
0.00514 1e-05 0 0 0 0 0 0 4849 1140.57 4618.75 12 9558.56
0.00516 1e-05 0 0 0 0 0 0 4828 1143.96 4613.48 12 1593.66
0.00519 1e-05 0 0 0 0 0 0 4789 1145.28 4620.76 12 10350.2
0.00521 1e-05 0 0 0 0 0 0 4783 1148.2 4617.34 12 1900.47
0.00524 1e-05 0 0 0 0 0 0 4756 1149.49 4624.59 12 10417
0.00526 1e-05 0 0 0 0 0 0 4735 1152.44 4620.96 12 1854.46
0.00528 1e-05 0 0 0 0 0 0 4735 1153.84 4623.58 12 4498.93
0.00531 1e-05 0 0 0 0 0 0 4696 1157.36 4621.73 12 1836.93
0.00533 1e-05 0 0 0 0 0 0 4693 1158.43 4625.55 12 6387.9
0.00536 1e-05 0 0 0 0 0 0 4687 1161.74 4624.47 12 1911.86
0.00539 1e-05 0 0 0 0 0 0 4651 1162.86 4632.02 12 14066.4
0.00541 1e-05 0 0 0 0 0 0 4639 1165.8 4628.31 12 1906.14
0.00544 1e-05 0 0 0 0 0 0 4603 1167.11 4634.99 12 10907.8
0.00546 1e-05 0 0 0 0 0 0 4591 1170.01 4631.37 12 1824.08
0.00549 1e-05 0 0 0 0 0 0 4570 1171.18 4638.43 12 13613.8
0.00551 1e-05 0 0 0 0 0 0 4567 1174.37 4633.64 12 1738.7
0.00554 1e-05 0 0 0 0 0 0 4510 1175.79 4639.57 12 8845.77
0.00556 1e-05 0 0 0 0 0 0 4504 1178.66 4635.91 12 1829.42
0.00559 1e-05 0 0 0 0 0 0 4510 1179.77 4642.99 12 13546.1
0.00561 1e-05 0 0 0 0 0 0 4474 1183.1 4637.52 12 1576.7
0.00563 1e-05 0 0 0 0 0 0 4453 1184.53 4639.44 12 4953.06
0.00566 1e-05 0 0 0 0 0 0 4441 1187.87 4637.64 12 1825.05
0.00569 1e-05 0 0 0 0 0 0 4417 1189.06 4644.08 12 10889.9
0.0057125 1.25e-05 0 0 0 0 0 0 4402 1192.13 4639.54 12 1703.19
0.00575 1.25e-05 0 0 0 0 0 0 4372 1193.66 4644.61 12 7476.61
0.0057625 1.25e-05 0 0 0 0 0 0 4360 1196.22 4638.29 12 1699.27
0.0058 1.25e-05 0 0 0 0 0 0 4336 1197.45 4644.42 12 12056.8
0.0058125 1.25e-05 0 0 0 0 0 0 4336 1199.79 4638.99 12 1856.08
0.00585 1.25e-05 0 0 0 0 0 0 4279 1201.27 4644 12 7070.53
0.0058625 1.25e-05 0 0 0 0 0 0 4267 1203.83 4637.67 12 1667.97
0.0058875 1.25e-05 0 0 0 0 0 0 4240 1205.33 4638.97 12 7718.04
0.0059125 1.25e-05 0 0 0 0 0 0 4216 1208.08 4635.4 12 1773.89
0.0059375 1.25e-05 0 0 0 0 0 0 4204 1209.27 4637.78 12 12442.8
0.0059625 1.25e-05 0 0 0 0 0 0 4171 1212.24 4633.34 12 1671.49
0.006 1.25e-05 0 0 0 0 0 0 4159 1213.53 4638.69 12 8599.87
0.0060125 1.25e-05 0 0 0 0 0 0 4153 1216.21 4631.89 12 1550.85
0.00605 1.25e-05 0 0 0 0 0 0 4156 1217.39 4637.65 12 11673.7
0.0060625 1.25e-05 0 0 0 0 0 0 4150 1219.74 4632.09 12 1760.85
0.0061 1.25e-05 0 0 0 0 0 0 4096 1220.87 4637.91 12 12366.9
0.0061125 1.25e-05 0 0 0 0 0 0 4072 1223.15 4632.6 12 1786.83
0.00615 1.25e-05 0 0 0 0 0 0 4051 1225.31 4634.36 12 3209.21
0.0061625 1.25e-05 0 0 0 0 0 0 4063 1227.86 4628.05 12 1594.2
0.0062 1.25e-05 0 0 0 0 0 0 4018 1229.04 4633.44 12 11903.6
0.0062125 1.25e-05 0 0 0 0 0 0 4027 1231.38 4627.91 12 1722.24
0.00625 1.25e-05 0 0 0 0 0 0 3988 1232.86 4632.1 12 6790.45
0.0062625 1.25e-05 0 0 0 0 0 0 3991 1235.46 4625.61 12 1538.55
0.0063 1.25e-05 0 0 0 0 0 0 3994 1236.65 4630.81 12 11120.2
0.0063125 1.25e-05 0 0 0 0 0 0 3979 1238.94 4625.49 12 1742.55
0.00635 1.25e-05 0 0 0 0 0 0 3958 1240.41 4629.55 12 7138.77
0.0063625 1.25e-05 0 0 0 0 0 0 3940 1242.96 4623.25 12 1549.61
0.0064 1.25e-05 0 0 0 0 0 0 3928 1244.14 4628.3 12 12091.6
0.0064125 1.25e-05 0 0 0 0 0 0 3925 1246.69 4622.01 12 1544.36
0.00645 1.25e-05 0 0 0 0 0 0 3892 1248.08 4626.26 12 7189.59
0.0064625 1.25e-05 0 0 0 0 0 0 3865 1250.58 4620.1 12 1546.31
0.0065 1.25e-05 0 0 0 0 0 0 3883 1251.77 4624.99 12 12102.3
0.0065125 1.25e-05 0 0 0 0 0 0 3874 1254.07 4619.6 12 1684.25
0.0065375 1.25e-05 0 0 0 0 0 0 3847 1255.56 4620.24 12 3250.3
0.0065625 1.25e-05 0 0 0 0 0 0 3814 1258.26 4616.42 12 1616.63
0.0066 1.25e-05 0 0 0 0 0 0 3775 1259.38 4621.34 12 12044.3
0.0066125 1.25e-05 0 0 0 0 0 0 3763 1261.64 4616.03 12 1662.37
0.00665 1.25e-05 0 0 0 0 0 0 3739 1262.71 4621.03 12 11281.7
0.0066625 1.25e-05 0 0 0 0 0 0 3733 1265.72 4612.99 12 1239.91
0.0067 1.25e-05 0 0 0 0 0 0 3712 1266.87 4617.65 12 11780.4
0.0067125 1.25e-05 0 0 0 0 0 0 3703 1269.18 4612.14 12 1598.89
0.00675 1.25e-05 0 0 0 0 0 0 3685 1270.29 4616.83 12 12336.5
0.0067625 1.25e-05 0 0 0 0 0 0 3685 1272.55 4611.5 12 1626.12
0.0068 1.25e-05 0 0 0 0 0 0 3664 1273.62 4616.26 12 11370.7
0.0068125 1.25e-05 0 0 0 0 0 0 3646 1275.89 4610.93 12 1610.18
0.00685 1.25e-05 0 0 0 0 0 0 3643 1276.96 4615.63 12 12216.6
0.0068625 1.25e-05 0 0 0 0 0 0 3637 1279.19 4610.42 12 1629.82
0.0069 1.25e-05 0 0 0 0 0 0 3598 1280.3 4614.87 12 11280.8
0.0069125 1.25e-05 0 0 0 0 0 0 3592 1282.61 4609.35 12 1553.03
0.00695 1.25e-05 0 0 0 0 0 0 3574 1283.71 4613.77 12 12324
0.0069625 1.25e-05 0 0 0 0 0 0 3583 1286.01 4608.31 12 1558.59
0.007 1.25e-05 0 0 0 0 0 0 3565 1287.12 4612.68 12 11674.1
0.0070125 1.25e-05 0 0 0 0 0 0 3556 1289.42 4607.2 12 1544.48
0.00705 1.25e-05 0 0 0 0 0 0 3517 1290.57 4611.28 12 10047.1
0.0070625 1.25e-05 0 0 0 0 0 0 3514 1292.76 4606.21 12 1608.72
0.0071 1.25e-05 0 0 0 0 0 0 3487 1293.93 4610.13 12 7079.3
0.0071125 1.25e-05 0 0 0 0 0 0 3463 1296.44 4603.89 12 1382.33
0.00715 1.25e-05 0 0 0 0 0 0 3421 1297.47 4608.17 12 12789.8
0.0071625 1.25e-05 0 0 0 0 0 0 3415 1299.79 4602.57 12 1471.12
0.0072 1.25e-05 0 0 0 0 0 0 3373 1300.86 4606.61 12 12422.7
0.0072125 1.25e-05 0 0 0 0 0 0 3367 1303.15 4601.1 12 1469.54
0.0072375 1.25e-05 0 0 0 0 0 0 3343 1304.17 4602.64 12 4486.68
0.0072625 1.25e-05 0 0 0 0 0 0 3325 1307.2 4597.07 12 1276.39
0.0073 1.25e-05 0 0 0 0 0 0 3283 1308.31 4600.69 12 10765.1
0.0073125 1.25e-05 0 0 0 0 0 0 3274 1310.64 4595.01 12 1405.72
0.00735 1.25e-05 0 0 0 0 0 0 3244 1311.68 4598.82 12 7006.42
0.0073625 1.25e-05 0 0 0 0 0 0 3235 1314.09 4592.85 12 1342.04
0.0074125 1.25e-05 0 0 0 0 0 0 3214 1317.48 4590.81 12 1307.96
0.0074625 1.25e-05 0 0 0 0 0 0 3184 1320.88 4588.7 12 1318.18
0.0075125 1.25e-05 0 0 0 0 0 0 3160 1324.18 4586.8 12 1343.9
0.00755 1.25e-05 0 0 0 0 0 0 3103 1325.24 4590.23 12 10115.4
0.0075625 1.25e-05 0 0 0 0 0 0 3094 1327.47 4584.85 12 1387.16
0.0076125 1.25e-05 0 0 0 0 0 0 3037 1330.78 4582.64 12 1298
0.0076625 1.25e-05 0 0 0 0 0 0 2980 1334.05 4580.41 12 1281.82
0.0077 1.25e-05 0 0 0 0 0 0 2938 1335.05 4583.6 12 6540.72
0.0077125 1.25e-05 0 0 0 0 0 0 2926 1337.69 4576.75 12 1109.08
0.0077625 1.25e-05 0 0 0 0 0 0 2863 1340.79 4574.75 12 1310.7
0.0078 1.25e-05 0 0 0 0 0 0 2842 1341.89 4577.4 12 5550.03
0.0078125 1.25e-05 0 0 0 0 0 0 2839 1344 4572.33 12 1346.15
0.0078625 1.25e-05 0 0 0 0 0 0 2776 1347.28 4569.47 12 1169.4
0.0079125 1.25e-05 0 0 0 0 0 0 2731 1350.4 4567.06 12 1217.07
0.0079625 1.25e-05 0 0 0 0 0 0 2716 1353.78 4563.72 12 1137.23
0.0080125 1.25e-05 0 0 0 0 0 0 2698 1357.08 4560.58 12 1149.08
0.0080625 1.25e-05 0 0 0 0 0 0 2680 1360.38 4557.42 12 1134.14
0.0081125 1.25e-05 0 0 0 0 0 0 2659 1363.39 4555.19 12 1248.24
0.00815 1.25e-05 0 0 0 0 0 0 2632 1364.4 4557.65 12 8178.74
0.0081625 1.25e-05 0 0 0 0 0 0 2626 1366.55 4552.41 12 1222.39
0.0082125 1.25e-05 0 0 0 0 0 0 2599 1369.78 4549.27 12 1134.92
0.0082625 1.25e-05 0 0 0 0 0 0 2557 1372.81 4546.73 12 1195.55
0.0083 1.25e-05 0 0 0 0 0 0 2494 1374.05 4548.11 12 4815.83
0.0083125 1.25e-05 0 0 0 0 0 0 2482 1376.56 4541.64 12 991.328
0.0083625 1.25e-05 0 0 0 0 0 0 2461 1379.67 4538.54 12 1086.17
0.0084125 1.25e-05 0 0 0 0 0 0 2443 1382.62 4535.95 12 1175.04
0.0084625 1.25e-05 0 0 0 0 0 0 2419 1385.73 4532.79 12 1086.27
0.0085 1.25e-05 0 0 0 0 0 0 2407 1386.9 4534.18 12 11151.6
0.0085125 1.25e-05 0 0 0 0 0 0 2404 1389.15 4528.55 12 1066.41
0.0085625 1.25e-05 0 0 0 0 0 0 2386 1392.02 4526.1 12 1152.42
0.0086125 1.25e-05 0 0 0 0 0 0 2368 1395.03 4523.14 12 1081.54
0.0086625 1.25e-05 0 0 0 0 0 0 2341 1398.52 4518.6 12 904.574
0.0087125 1.25e-05 0 0 0 0 0 0 2314 1401.65 4515.15 12 1061.58
0.0087625 1.25e-05 0 0 0 0 0 0 2278 1404.57 4512.27 12 1109.43
0.0088125 1.25e-05 0 0 0 0 0 0 2239 1407.66 4508.78 12 995.665
0.0088625 1.25e-05 0 0 0 0 0 0 2212 1410.62 4505.64 12 1034.51
0.0089125 1.25e-05 0 0 0 0 0 0 2194 1413.65 4502.21 12 984.784
0.0089625 1.25e-05 0 0 0 0 0 0 2152 1417.06 4497.49 12 862.391
0.0090125 1.25e-05 0 0 0 0 0 0 2128 1420.23 4493.46 12 890.079
0.0090625 1.25e-05 0 0 0 0 0 0 2071 1423.1 4490.29 12 966.533
0.0091125 1.25e-05 0 0 0 0 0 0 2029 1426.29 4486 12 863.145
0.00915 1.25e-05 0 0 0 0 0 0 2002 1427.34 4486.94 12 10901.2
0.0091625 1.25e-05 0 0 0 0 0 0 1996 1429.56 4481.34 12 895.576
0.0092125 1.25e-05 0 0 0 0 0 0 1954 1432.43 4477.86 12 966.538
0.0092625 1.25e-05 0 0 0 0 0 0 1924 1435.31 4474.3 12 912.562
0.0093125 1.25e-05 0 0 0 0 0 0 1900 1438.14 4470.79 12 908.01
0.0093625 1.25e-05 0 0 0 0 0 0 1906 1440.93 4467.42 12 932.324
0.0094125 1.25e-05 0 0 0 0 0 0 1891 1443.71 4464.07 12 933.522
0.0094625 1.25e-05 0 0 0 0 0 0 1891 1446.65 4460.24 12 861.728
0.0095 1.25e-05 0 0 0 0 0 0 1891 1447.78 4460.66 12 10608.9
0.0095125 1.25e-05 0 0 0 0 0 0 1891 1449.99 4455.17 12 856.732
0.0095625 1.25e-05 0 0 0 0 0 0 1891 1452.88 4451.5 12 915.554
0.0096125 1.25e-05 0 0 0 0 0 0 1888 1455.86 4447.6 12 850.141
0.0096625 1.25e-05 0 0 0 0 0 0 1888 1459.1 4442.88 12 761.729
0.0097125 1.25e-05 0 0 0 0 0 0 1888 1461.97 4439.35 12 932.384
0.0097625 1.25e-05 0 0 0 0 0 0 1888 1464.74 4436.11 12 925.398
0.0098125 1.25e-05 0 0 0 0 0 0 1888 1467.78 4432.07 12 823.509
0.0098625 1.25e-05 0 0 0 0 0 0 1885 1470.61 4428.67 12 914.325
0.0099125 1.25e-05 0 0 0 0 0 0 1882 1473.6 4424.8 12 850.279
0.0099625 1.25e-05 0 0 0 0 0 0 1882 1476.51 4421.16 12 898.097
0.01 1.25e-05 0 0 0 0 0 0 1882 1477.87 4420.93 12 4230.86
0.0100125 1.25e-05 0 0 0 0 0 0 1882 1479.89 4416.15 12 929.323
0.0100625 1.25e-05 0 0 0 0 0 0 1873 1482.97 4412.04 12 835.13
0.0101125 1.25e-05 0 0 0 0 0 0 1870 1485.61 4409.25 12 935.773
0.0101625 1.25e-05 0 0 0 0 0 0 1861 1488.64 4405.26 12 801.679
0.0102125 1.25e-05 0 0 0 0 0 0 1855 1491.5 4401.79 12 833.634
0.0102625 1.25e-05 0 0 0 0 0 0 1855 1494.18 4398.88 12 911.832
0.0103125 1.25e-05 0 0 0 0 0 0 1855 1496.95 4395.7 12 918.325
0.0103375 1.25e-05 0 0 0 0 0 0 1855 1498.06 4394.9 12 2825.4
0.0103625 1.25e-05 0 0 0 0 0 0 1852 1500.31 4390.77 12 912.931
0.0104125 1.25e-05 0 0 0 0 0 0 1843 1503.04 4387.73 12 921.295
0.0104625 1.25e-05 0 0 0 0 0 0 1837 1505.9 4384.29 12 863.992
0.0105125 1.25e-05 0 0 0 0 0 0 1834 1508.57 4381.37 12 911.125
0.0105625 1.25e-05 0 0 0 0 0 0 1828 1511.33 4378.22 12 923.518
0.0106125 1.25e-05 0 0 0 0 0 0 1828 1514.1 4375.05 12 892.999
0.0106625 1.25e-05 0 0 0 0 0 0 1828 1517.06 4371.34 12 835.46
0.0107 1.25e-05 0 0 0 0 0 0 1822 1518.62 4370.44 12 2404.32
0.0107125 1.25e-05 0 0 0 0 0 0 1819 1520.68 4365.7 12 881.269
0.0107625 1.25e-05 0 0 0 0 0 0 1816 1523.4 4362.69 12 911.541
0.0108125 1.25e-05 0 0 0 0 0 0 1810 1526.13 4359.64 12 916.084
0.0108625 1.25e-05 0 0 0 0 0 0 1804 1529.1 4355.89 12 837.654
0.0109125 1.25e-05 0 0 0 0 0 0 1798 1531.84 4352.8 12 900.754
0.0109625 1.25e-05 0 0 0 0 0 0 1792 1534.64 4349.54 12 879.49
0.0110125 1.25e-05 0 0 0 0 0 0 1789 1537.37 4346.47 12 893.034
0.011025 1.25e-05 0 0 0 0 0 0 1789 1538.38 4344.77 12 1763.16
0.0110625 1.25e-05 0 0 0 0 0 0 1768 1541.04 4340.74 12 786.905
0.0111125 1.25e-05 0 0 0 0 0 0 1762 1543.72 4337.76 12 824.055
0.0111625 1.25e-05 0 0 0 0 0 0 1744 1546.39 4334.8 12 848.337
0.0112125 1.25e-05 0 0 0 0 0 0 1717 1549.5 4330.56 12 722.293
0.0112625 1.25e-05 0 0 0 0 0 0 1711 1552.75 4325.9 12 623.545
0.0113125 1.25e-05 0 0 0 0 0 0 1696 1555.68 4322.15 12 747.365
0.0113625 1.25e-05 0 0 0 0 0 0 1684 1558.74 4317.99 12 715.099
0.0114125 1.25e-05 0 0 0 0 0 0 1666 1561.99 4313.28 12 650.85
0.0114625 1.25e-05 0 0 0 0 0 0 1663 1565.41 4308.11 12 633.63
0.0115125 1.25e-05 0 0 0 0 0 0 1663 1568.82 4302.99 12 616.67
0.0115625 1.25e-05 0 0 0 0 0 0 1660 1572.1 4298.24 12 655.368
0.0116125 1.25e-05 0 0 0 0 0 0 1657 1575.41 4293.4 12 642.194
0.0116625 1.25e-05 0 0 0 0 0 0 1651 1578.78 4288.43 12 586.541
0.0117125 1.25e-05 0 0 0 0 0 0 1648 1581.91 4284.1 12 689.84
0.0117625 1.25e-05 0 0 0 0 0 0 1645 1584.94 4280.07 12 712.335
0.0118125 1.25e-05 0 0 0 0 0 0 1636 1587.88 4276.27 12 683.928
0.0118375 1.25e-05 0 0 0 0 0 0 1633 1589.1 4275.07 12 2721.57
0.0118625 1.25e-05 0 0 0 0 0 0 1627 1591.79 4269.86 12 641.8
0.0119125 1.25e-05 0 0 0 0 0 0 1618 1594.49 4266.7 12 730.234
0.0119625 1.25e-05 0 0 0 0 0 0 1618 1597.66 4262.3 12 666.501
0.0120125 1.25e-05 0 0 0 0 0 0 1615 1601.03 4257.36 12 565.011
0.0120625 1.25e-05 0 0 0 0 0 0 1606 1603.92 4253.69 12 681.225
0.0121125 1.25e-05 0 0 0 0 0 0 1600 1607.16 4249.11 12 624.614
0.0121625 1.25e-05 0 0 0 0 0 0 1600 1610.46 4244.4 12 630.257
0.0122125 1.25e-05 0 0 0 0 0 0 1600 1613.76 4239.68 12 631.996
0.0122625 1.25e-05 0 0 0 0 0 0 1600 1617.04 4235.02 12 632.579
0.0123125 1.25e-05 0 0 0 0 0 0 1600 1620.41 4230.18 12 621.17
0.0123625 1.25e-05 0 0 0 0 0 0 1600 1623.65 4225.67 12 635.277
0.0124125 1.25e-05 0 0 0 0 0 0 1600 1626.95 4221.04 12 626.238
0.0124625 1.25e-05 0 0 0 0 0 0 1600 1630.27 4216.36 12 628.589
0.0125125 1.25e-05 0 0 0 0 0 0 1600 1633.6 4211.68 12 621.558
0.0125625 1.25e-05 0 0 0 0 0 0 1600 1636.96 4206.96 12 618.733
0.0126125 1.25e-05 0 0 0 0 0 0 1600 1640.18 4202.6 12 646.107
0.0126625 1.25e-05 0 0 0 0 0 0 1600 1643.51 4197.97 12 617.576
0.0127125 1.25e-05 0 0 0 0 0 0 1600 1646.75 4193.6 12 631.176
0.0127625 1.25e-05 0 0 0 0 0 0 1600 1649.84 4189.63 12 652.14
0.0128125 1.25e-05 0 0 0 0 0 0 1600 1653.05 4185.36 12 640.902
0.0128625 1.25e-05 0 0 0 0 0 0 1600 1656.39 4180.79 12 620.561
0.0129125 1.25e-05 0 0 0 0 0 0 1600 1659.84 4175.94 12 583.688
0.0129625 1.25e-05 0 0 0 0 0 0 1600 1663.11 4171.6 12 648.564
0.0130125 1.25e-05 0 0 0 0 0 0 1600 1666.42 4167.15 12 625.085
0.0130625 1.25e-05 0 0 0 0 0 0 1600 1669.97 4162.11 12 591.371
0.0131125 1.25e-05 0 0 0 0 0 0 1600 1673.2 4157.91 12 644.856
0.0131625 1.25e-05 0 0 0 0 0 0 1600 1676.54 4153.45 12 614.11
0.0132125 1.25e-05 0 0 0 0 0 0 1600 1680.09 4148.47 12 570.835
0.0132625 1.25e-05 0 0 0 0 0 0 1600 1683.41 4144.09 12 618.022
0.0133125 1.25e-05 0 0 0 0 0 0 1600 1686.84 4139.47 12 613.685
0.0133625 1.25e-05 0 0 0 0 0 0 1600 1690.24 4134.93 12 583.588
0.0134125 1.25e-05 0 0 0 0 0 0 1600 1693.5 4130.73 12 636.67
0.0134625 1.25e-05 0 0 0 0 0 0 1600 1696.5 4127.21 12 656.539
0.0135125 1.25e-05 0 0 0 0 0 0 1600 1700.4 4121.5 12 503.152
0.0135625 1.25e-05 0 0 0 0 0 0 1600 1703.68 4117.34 12 629.632
0.0136125 1.25e-05 0 0 0 0 0 0 1600 1706.74 4113.69 12 646.694
0.0136625 1.25e-05 0 0 0 0 0 0 1600 1710.46 4108.5 12 538.133
0.0137125 1.25e-05 0 0 0 0 0 0 1600 1713.55 4104.82 12 673.42
0.0137625 1.25e-05 0 0 0 0 0 0 1600 1716.83 4100.7 12 620.952
0.0138125 1.25e-05 0 0 0 0 0 0 1600 1720.52 4095.63 12 522.737
0.0138625 1.25e-05 0 0 0 0 0 0 1600 1723.87 4091.38 12 616.837
0.0139125 1.25e-05 0 0 0 0 0 0 1600 1727.14 4087.35 12 638.426
0.0139625 1.25e-05 0 0 0 0 0 0 1600 1730.65 4082.76 12 543.172
0.0140125 1.25e-05 0 0 0 0 0 0 1600 1734.02 4078.51 12 612.39
0.0140625 1.25e-05 0 0 0 0 0 0 1600 1737.39 4074.29 12 624.259
0.0141125 1.25e-05 0 0 0 0 0 0 1600 1740.73 4070.14 12 603.67
0.0141625 1.25e-05 0 0 0 0 0 0 1600 1743.8 4066.63 12 669.652
0.0142125 1.25e-05 0 0 0 0 0 0 1600 1747 4062.86 12 649.686
0.0142625 1.25e-05 0 0 0 0 0 0 1600 1750.86 4057.55 12 511.657
0.0143125 1.25e-05 0 0 0 0 0 0 1600 1754.26 4053.34 12 619.082
0.0143625 1.25e-05 0 0 0 0 0 0 1600 1757.26 4050.05 12 673.712
0.0144125 1.25e-05 0 0 0 0 0 0 1600 1761.03 4045.03 12 528.094
0.0144625 1.25e-05 0 0 0 0 0 0 1600 1764.4 4040.93 12 617.404
0.0145125 1.25e-05 0 0 0 0 0 0 1600 1767.75 4036.9 12 598.338
0.0145625 1.25e-05 0 0 0 0 0 0 1600 1771.12 4032.82 12 620.473
0.0146125 1.25e-05 0 0 0 0 0 0 1600 1774.32 4029.16 12 649.319
0.0146625 1.25e-05 0 0 0 0 0 0 1600 1777.61 4025.29 12 628.202
0.0147125 1.25e-05 0 0 0 0 0 0 1600 1781.27 4020.62 12 533.085
0.0147625 1.25e-05 0 0 0 0 0 0 1600 1784.57 4016.78 12 630.928
0.0148125 1.25e-05 0 0 0 0 0 0 1600 1787.88 4012.91 12 609.761
0.01485 1.25e-05 0 0 0 0 0 0 1600 1788.91 4013.28 12 8114.41
0.0148625 1.25e-05 0 0 0 0 0 0 1600 1791.45 4008.5 12 631.395
0.0149125 1.25e-05 0 0 0 0 0 0 1600 1794.68 4004.85 12 646.107
0.0149625 1.25e-05 0 0 0 0 0 0 1600 1798.05 4000.91 12 611.818
0.0150125 1.25e-05 0 0 0 0 0 0 1600 1801.52 3996.74 12 570.273
0.0150625 1.25e-05 0 0 0 0 0 0 1600 1804.88 3992.84 12 622.661
0.0151125 1.25e-05 0 0 0 0 0 0 1600 1808.22 3989.01 12 619.195
0.0151625 1.25e-05 0 0 0 0 0 0 1600 1811.72 3984.83 12 546.842
0.0152125 1.25e-05 0 0 0 0 0 0 1600 1815.1 3980.94 12 623.059
0.0152625 1.25e-05 0 0 0 0 0 0 1600 1818.37 3977.3 12 637.101
0.0153125 1.25e-05 0 0 0 0 0 0 1600 1821.71 3973.53 12 625.88
0.0153625 1.25e-05 0 0 0 0 0 0 1600 1825 3969.87 12 628.744
0.0154125 1.25e-05 0 0 0 0 0 0 1600 1828.32 3966.15 12 622.522
0.0154625 1.25e-05 0 0 0 0 0 0 1600 1831.81 3962.1 12 591.222
0.0155125 1.25e-05 0 0 0 0 0 0 1600 1835.16 3958.36 12 612.187
0.0155625 1.25e-05 0 0 0 0 0 0 1600 1838.18 3955.33 12 663.866
0.0156125 1.25e-05 0 0 0 0 0 0 1600 1841.86 3950.89 12 547.499
0.0156625 1.25e-05 0 0 0 0 0 0 1600 1845.06 3947.53 12 646.543
0.0157125 1.25e-05 0 0 0 0 0 0 1600 1848.43 3943.79 12 618.848
0.0157625 1.25e-05 0 0 0 0 0 0 1600 1851.94 3939.76 12 588.062
0.0158125 1.25e-05 0 0 0 0 0 0 1600 1855.17 3936.35 12 633.937
0.0158625 1.25e-05 0 0 0 0 0 0 1600 1858.5 3932.75 12 620.03
0.0159125 1.25e-05 0 0 0 0 0 0 1600 1862.04 3928.71 12 547.219
0.0159625 1.25e-05 0 0 0 0 0 0 1600 1865.24 3925.39 12 662.925
0.0160125 1.25e-05 0 0 0 0 0 0 1600 1868.55 3921.86 12 619.406
0.0160625 1.25e-05 0 0 0 0 0 0 1600 1872.13 3917.79 12 571.553
0.0161125 1.25e-05 0 0 0 0 0 0 1600 1875.35 3914.47 12 639.965
0.0161625 1.25e-05 0 0 0 0 0 0 1600 1878.7 3910.9 12 616.036
0.0162125 1.25e-05 0 0 0 0 0 0 1600 1882.29 3906.85 12 574.87
0.0162625 1.25e-05 0 0 0 0 0 0 1600 1885.54 3903.51 12 628.17
0.0163125 1.25e-05 0 0 0 0 0 0 1600 1888.84 3900.07 12 634.43
0.0163625 1.25e-05 0 0 0 0 0 0 1600 1892.37 3896.19 12 574.5
0.0164125 1.25e-05 0 0 0 0 0 0 1600 1895.6 3892.91 12 635.352
0.0164625 1.25e-05 0 0 0 0 0 0 1600 1899 3889.33 12 610.718
0.0165125 1.25e-05 0 0 0 0 0 0 1600 1902.5 3885.53 12 576.348
0.0165625 1.25e-05 0 0 0 0 0 0 1600 1905.73 3882.31 12 654.699
0.0166125 1.25e-05 0 0 0 0 0 0 1600 1909.28 3878.43 12 570.375
0.0166625 1.25e-05 0 0 0 0 0 0 1600 1912.57 3875.11 12 622.858
0.0167125 1.25e-05 0 0 0 0 0 0 1600 1915.73 3872.06 12 658.991
0.0167625 1.25e-05 0 0 0 0 0 0 1600 1919.06 3868.68 12 620.78
0.0168125 1.25e-05 0 0 0 0 0 0 1600 1922.7 3864.67 12 567.7
0.0168625 1.25e-05 0 0 0 0 0 0 1600 1925.93 3861.51 12 639.887
0.0169125 1.25e-05 0 0 0 0 0 0 1600 1929.25 3858.18 12 610.229
0.0169625 1.25e-05 0 0 0 0 0 0 1600 1932.8 3854.41 12 537.151
0.0170125 1.25e-05 0 0 0 0 0 0 1600 1936.14 3851.07 12 618.808
0.0170625 1.25e-05 0 0 0 0 0 0 1600 1939.5 3847.7 12 628.646
0.0171125 1.25e-05 0 0 0 0 0 0 1600 1942.86 3844.33 12 613.595
0.0171625 1.25e-05 0 0 0 0 0 0 1600 1946.14 3841.16 12 630.303
0.0172125 1.25e-05 0 0 0 0 0 0 1600 1949.41 3837.99 12 640.333
0.0172625 1.25e-05 0 0 0 0 0 0 1600 1953.01 3834.19 12 552.938
0.0173125 1.25e-05 0 0 0 0 0 0 1600 1956.24 3831.12 12 645.538
0.0173625 1.25e-05 0 0 0 0 0 0 1600 1959.55 3827.92 12 622.909
0.0174125 1.25e-05 0 0 0 0 0 0 1600 1963.07 3824.32 12 547.464
0.0174625 1.25e-05 0 0 0 0 0 0 1600 1966.31 3821.27 12 648.661
0.0175125 1.25e-05 0 0 0 0 0 0 1600 1969.6 3818.14 12 627.869
0.0175625 1.25e-05 0 0 0 0 0 0 1600 1973.16 3814.49 12 552.505
0.0176125 1.25e-05 0 0 0 0 0 0 1600 1976.54 3811.21 12 632.866
0.0176625 1.25e-05 0 0 0 0 0 0 1600 1979.87 3808.03 12 614.764
0.0177125 1.25e-05 0 0 0 0 0 0 1600 1983.28 3804.71 12 607.556
0.0177625 1.25e-05 0 0 0 0 0 0 1600 1986.48 3801.81 12 641.081
0.0178125 1.25e-05 0 0 0 0 0 0 1600 1989.76 3798.75 12 635.007
0.0178625 1.25e-05 0 0 0 0 0 0 1600 1993.4 3795.04 12 555.04
0.0179125 1.25e-05 0 0 0 0 0 0 1600 1996.56 3792.22 12 662.132
0.0179625 1.25e-05 0 0 0 0 0 0 1600 1999.88 3789.13 12 628.307
0.0180125 1.25e-05 0 0 0 0 0 0 1600 2003.45 3785.58 12 570.797
0.0180625 1.25e-05 0 0 0 0 0 0 1600 2006.75 3782.55 12 636.127
0.0181125 1.25e-05 0 0 0 0 0 0 1600 2009.93 3779.75 12 651.063
0.0181625 1.25e-05 0 0 0 0 0 0 1600 2013.61 3776.02 12 546.993
0.0182125 1.25e-05 0 0 0 0 0 0 1600 2016.77 3773.27 12 660.393
0.0182625 1.25e-05 0 0 0 0 0 0 1600 2020.12 3770.18 12 615.237
0.0183125 1.25e-05 0 0 0 0 0 0 1600 2023.79 3766.51 12 559.762
0.0183625 1.25e-05 0 0 0 0 0 0 1600 2026.95 3763.79 12 656.076
0.0184125 1.25e-05 0 0 0 0 0 0 1600 2030.37 3760.6 12 590.296
0.0184625 1.25e-05 0 0 0 0 0 0 1600 2033.89 3757.24 12 578.327
0.0185125 1.25e-05 0 0 0 0 0 0 1600 2037 3754.65 12 669.34
0.0185625 1.25e-05 0 0 0 0 0 0 1600 2040.38 3751.57 12 620.976
0.0186125 1.25e-05 0 0 0 0 0 0 1600 2043.99 3748.06 12 559.394
0.0186625 1.25e-05 0 0 0 0 0 0 1600 2047.12 3745.46 12 665.493
0.0187125 1.25e-05 0 0 0 0 0 0 1600 2050.32 3742.74 12 655.632
0.0187625 1.25e-05 0 0 0 0 0 0 1600 2054.03 3739.09 12 531.757
0.0188125 1.25e-05 0 0 0 0 0 0 1600 2057.2 3736.45 12 670.664
0.0188625 1.25e-05 0 0 0 0 0 0 1600 2060.4 3733.75 12 651.934
0.0189125 1.25e-05 0 0 0 0 0 0 1600 2064.23 3729.93 12 516.969
0.0189625 1.25e-05 0 0 0 0 0 0 1600 2067.29 3727.49 12 661.91
0.0190125 1.25e-05 0 0 0 0 0 0 1600 2070.5 3724.8 12 642.827
0.0190625 1.25e-05 0 0 0 0 0 0 1600 2073.49 3722.52 12 659.1
0.0190875 1.25e-05 0 0 0 0 0 0 1600 2074.68 3721.94 12 3880.51
0.0191125 1.25e-05 0 0 0 0 0 0 1600 2077.42 3718.55 12 621.037
0.0191625 1.25e-05 0 0 0 0 0 0 1600 2080.73 3715.71 12 625.719
0.0192125 1.25e-05 0 0 0 0 0 0 1600 2084.66 3711.78 12 505.403
0.0192625 1.25e-05 0 0 0 0 0 0 1600 2087.64 3709.55 12 655.708
0.0193125 1.25e-05 0 0 0 0 0 0 1600 2090.8 3707 12 656.523
0.0193625 1.25e-05 0 0 0 0 0 0 1600 2094.57 3703.39 12 524.463
0.0194125 1.25e-05 0 0 0 0 0 0 1600 2097.64 3701.02 12 662.214
0.0194625 1.25e-05 0 0 0 0 0 0 1600 2100.87 3698.37 12 647.378
0.0195125 1.25e-05 0 0 0 0 0 0 1600 2104.83 3694.47 12 499.666
0.0195625 1.25e-05 0 0 0 0 0 0 1600 2107.81 3692.27 12 664.125
0.0196125 1.25e-05 0 0 0 0 0 0 1600 2111.08 3689.59 12 627.225
0.0196625 1.25e-05 0 0 0 0 0 0 1600 2114.74 3686.24 12 531.833
0.0197125 1.25e-05 0 0 0 0 0 0 1600 2117.92 3683.72 12 658.766
0.0197625 1.25e-05 0 0 0 0 0 0 1600 2120.93 3681.5 12 664.77
0.0198125 1.25e-05 0 0 0 0 0 0 1600 2124.19 3678.87 12 650.147
0.01985 1.25e-05 0 0 0 0 0 0 1600 2125.35 3679.13 12 9539.42
0.0198625 1.25e-05 0 0 0 0 0 0 1600 2127.73 3675.76 12 671.474
0.0199125 1.25e-05 0 0 0 0 0 0 1600 2131 3673.12 12 628.924
0.0199625 1.25e-05 0 0 0 0 0 0 1600 2135.12 3669.02 12 474.305
0.0200125 1.25e-05 0 0 0 0 0 0 1600 2138.12 3666.86 12 667.156
0.02005 1.25e-05 0 0 0 0 0 0 1600 2139.28 3667.12 12 4396.84
0.0200625 1.25e-05 0 0 0 0 0 0 1600 2141.66 3663.8 12 672.511
0.0201125 1.25e-05 0 0 0 0 0 0 1600 2145.16 3660.81 12 583.761
0.0201625 1.25e-05 0 0 0 0 0 0 1600 2148.2 3658.6 12 670.527
0.0202125 1.25e-05 0 0 0 0 0 0 1600 2151.47 3656.02 12 642.202
0.0202625 1.25e-05 0 0 0 0 0 0 1600 2155.2 3652.67 12 534.129
0.0203125 1.25e-05 0 0 0 0 0 0 1600 2158.28 3650.42 12 664.297
0.0203625 1.25e-05 0 0 0 0 0 0 1600 2161.61 3647.75 12 613.029
0.0204125 1.25e-05 0 0 0 0 0 0 1600 2165.24 3644.6 12 551.449
0.0204625 1.25e-05 0 0 0 0 0 0 1600 2168.5 3642.06 12 652.177
0.0205125 1.25e-05 0 0 0 0 0 0 1600 2171.87 3639.36 12 613.256
0.0205625 1.25e-05 0 0 0 0 0 0 1600 2175.36 3636.46 12 589.191
0.0206125 1.25e-05 0 0 0 0 0 0 1600 2178.55 3634.07 12 643.398
0.0206625 1.25e-05 0 0 0 0 0 0 1600 2181.85 3631.52 12 627.006
0.0207125 1.25e-05 0 0 0 0 0 0 1600 2185.58 3628.23 12 540.081
0.0207625 1.25e-05 0 0 0 0 0 0 1600 2188.79 3625.84 12 645.636
0.0208125 1.25e-05 0 0 0 0 0 0 1600 2191.99 3623.46 12 652.193
0.0208625 1.25e-05 0 0 0 0 0 0 1600 2195.89 3619.95 12 509.401
0.0209125 1.25e-05 0 0 0 0 0 0 1600 2199.21 3617.39 12 591.203
0.0209625 1.25e-05 0 0 0 0 0 0 1600 2202.61 3614.72 12 599.707
0.0210125 1.25e-05 0 0 0 0 0 0 1600 2205.94 3612.17 12 619.156
0.0210625 1.25e-05 0 0 0 0 0 0 1600 2209.26 3609.63 12 620.161
0.0211125 1.25e-05 0 0 0 0 0 0 1600 2212.53 3607.19 12 636.633
0.0211625 1.25e-05 0 0 0 0 0 0 1600 2215.89 3604.61 12 611.756
0.0212125 1.25e-05 0 0 0 0 0 0 1600 2219.21 3602.09 12 627.965
0.0212625 1.25e-05 0 0 0 0 0 0 1600 2222.41 3599.78 12 652.676
0.0213125 1.25e-05 0 0 0 0 0 0 1600 2226.05 3596.77 12 525.553
0.0213625 1.25e-05 0 0 0 0 0 0 1600 2229.05 3594.81 12 662.962
0.0214125 1.25e-05 0 0 0 0 0 0 1600 2232.18 3592.64 12 672.222
0.0214625 1.25e-05 0 0 0 0 0 0 1600 2235.4 3590.33 12 657.718
0.0215 1.25e-05 0 0 0 0 0 0 1600 2236.46 3590.77 12 9527.89
0.0215125 1.25e-05 0 0 0 0 0 0 1600 2238.88 3587.59 12 659.396
0.0215625 1.25e-05 0 0 0 0 0 0 1600 2242.25 3585.06 12 609.393
0.0216125 1.25e-05 0 0 0 0 0 0 1600 2246.14 3581.7 12 511.117
0.0216625 1.25e-05 0 0 0 0 0 0 1600 2249.14 3579.78 12 676.233
0.0217125 1.25e-05 0 0 0 0 0 0 1600 2252.42 3577.41 12 643.392
0.0217625 1.25e-05 0 0 0 0 0 0 1600 2256.08 3574.44 12 551.17
0.0218125 1.25e-05 0 0 0 0 0 0 1600 2259.33 3572.13 12 661.873
0.0218625 1.25e-05 0 0 0 0 0 0 1600 2262.55 3569.88 12 649.809
0.0219125 1.25e-05 0 0 0 0 0 0 1600 2266.39 3566.64 12 512.889
0.0219625 1.25e-05 0 0 0 0 0 0 1600 2269.72 3564.23 12 611.353
0.0220125 1.25e-05 0 0 0 0 0 0 1600 2272.85 3562.13 12 625.946
0.0220625 1.25e-05 0 0 0 0 0 0 1600 2276.41 3559.38 12 548.137
0.0221125 1.25e-05 0 0 0 0 0 0 1600 2279.55 3557.29 12 639.292
0.0221625 1.25e-05 0 0 0 0 0 0 1600 2282.57 3555.38 12 672.371
0.0222125 1.25e-05 0 0 0 0 0 0 1600 2286.54 3552.01 12 504.661
0.0222625 1.25e-05 0 0 0 0 0 0 1600 2289.55 3550.13 12 667.391
0.0223125 1.25e-05 0 0 0 0 0 0 1600 2292.79 3547.91 12 646.854
0.0223625 1.25e-05 0 0 0 0 0 0 1600 2295.81 3546.03 12 673.454
0.0223875 1.25e-05 0 0 0 0 0 0 1600 2297.03 3545.54 12 4014.99
0.0224125 1.25e-05 0 0 0 0 0 0 1600 2299.72 3542.79 12 634.665
0.0224625 1.25e-05 0 0 0 0 0 0 1600 2303.09 3540.37 12 626.455
0.0225125 1.25e-05 0 0 0 0 0 0 1600 2306.81 3537.45 12 540.917
0.0225625 1.25e-05 0 0 0 0 0 0 1600 2310.11 3535.16 12 635.656
0.0226125 1.25e-05 0 0 0 0 0 0 1600 2313.46 3532.81 12 596.225
0.0226625 1.25e-05 0 0 0 0 0 0 1600 2316.94 3530.26 12 552.163
0.0227125 1.25e-05 0 0 0 0 0 0 1600 2320.24 3528 12 630.091
0.0227625 1.25e-05 0 0 0 0 0 0 1600 2323.61 3525.64 12 600.022
0.0228125 1.25e-05 0 0 0 0 0 0 1600 2327.03 3523.21 12 609.536
0.0228625 1.25e-05 0 0 0 0 0 0 1600 2330.37 3520.91 12 605.932
0.0229125 1.25e-05 0 0 0 0 0 0 1600 2333.48 3518.95 12 659.162
0.0229625 1.25e-05 0 0 0 0 0 0 1600 2337.34 3515.88 12 518.509
0.0230125 1.25e-05 0 0 0 0 0 0 1600 2340.35 3514.09 12 665.061
0.0230625 1.25e-05 0 0 0 0 0 0 1600 2343.6 3511.95 12 656.941
0.0231125 1.25e-05 0 0 0 0 0 0 1600 2347.2 3509.29 12 550.72
0.0231625 1.25e-05 0 0 0 0 0 0 1600 2350.34 3507.33 12 670.871
0.0232125 1.25e-05 0 0 0 0 0 0 1600 2353.59 3505.2 12 646.751
0.0232625 1.25e-05 0 0 0 0 0 0 1600 2357.28 3502.43 12 544.031
0.0233125 1.25e-05 0 0 0 0 0 0 1600 2360.5 3500.36 12 650.342
0.0233625 1.25e-05 0 0 0 0 0 0 1600 2363.84 3498.13 12 614.793
0.0234125 1.25e-05 0 0 0 0 0 0 1600 2367.33 3495.67 12 549.896
0.0234625 1.25e-05 0 0 0 0 0 0 1600 2370.4 3493.85 12 665.517
0.0235125 1.25e-05 0 0 0 0 0 0 1600 2373.66 3491.74 12 628.702
0.0235625 1.25e-05 0 0 0 0 0 0 1600 2377.42 3488.91 12 533.621
0.0236125 1.25e-05 0 0 0 0 0 0 1600 2380.61 3486.93 12 645.217
0.0236625 1.25e-05 0 0 0 0 0 0 1600 2383.98 3484.68 12 604.277
0.0237125 1.25e-05 0 0 0 0 0 0 1600 2387.74 3481.88 12 540.456
0.0237625 1.25e-05 0 0 0 0 0 0 1600 2390.88 3479.97 12 668.762
0.0238125 1.25e-05 0 0 0 0 0 0 1600 2394.12 3477.95 12 640.744
0.0238625 1.25e-05 0 0 0 0 0 0 1600 2397.74 3475.36 12 557.66
0.0239125 1.25e-05 0 0 0 0 0 0 1600 2400.88 3473.48 12 658.462
0.0239625 1.25e-05 0 0 0 0 0 0 1600 2404.16 3471.41 12 645.484
0.0240125 1.25e-05 0 0 0 0 0 0 1600 2408.09 3468.4 12 499.987
0.0240625 1.25e-05 0 0 0 0 0 0 1600 2411.04 3466.81 12 668.489
0.0241125 1.25e-05 0 0 0 0 0 0 1600 2414.25 3464.84 12 642.939
0.0241625 1.25e-05 0 0 0 0 0 0 1600 2418.15 3461.91 12 500.707
0.0242125 1.25e-05 0 0 0 0 0 0 1600 2421.09 3460.34 12 671.035
0.0242625 1.25e-05 0 0 0 0 0 0 1600 2424.31 3458.39 12 644.705
0.0243125 1.25e-05 0 0 0 0 0 0 1600 2428.04 3455.72 12 540.393
0.0243625 1.25e-05 0 0 0 0 0 0 1600 2431.17 3453.9 12 661.412
0.0244125 1.25e-05 0 0 0 0 0 0 1600 2434.39 3451.95 12 638.2
0.0244625 1.25e-05 0 0 0 0 0 0 1600 2438.39 3448.92 12 491.664
0.0245125 1.25e-05 0 0 0 0 0 0 1600 2441.41 3447.28 12 660.995
0.0245625 1.25e-05 0 0 0 0 0 0 1600 2444.62 3445.37 12 664.615
0.0246125 1.25e-05 0 0 0 0 0 0 1600 2448.27 3442.85 12 546.83
0.0246625 1.25e-05 0 0 0 0 0 0 1600 2451.42 3441.04 12 645.304
0.0247125 1.25e-05 0 0 0 0 0 0 1600 2454.81 3438.88 12 615.434
0.0247625 1.25e-05 0 0 0 0 0 0 1600 2458.41 3436.45 12 549.466
0.0248125 1.25e-05 0 0 0 0 0 0 1600 2461.64 3434.54 12 647.757
0.0248625 1.25e-05 0 0 0 0 0 0 1600 2464.9 3432.6 12 632.037
0.0249125 1.25e-05 0 0 0 0 0 0 1600 2468.56 3430.1 12 550.536
0.0249625 1.25e-05 0 0 0 0 0 0 1600 2471.75 3428.26 12 657.42
0.0250125 1.25e-05 0 0 0 0 0 0 1600 2475.06 3426.27 12 617.75
0.0250375 1.25e-05 0 0 0 0 0 0 1600 2476.4 3425.7 12 2964.76
0.0250625 1.25e-05 0 0 0 0 0 0 1600 2479.66 3422.49 12 524.695
0.0251125 1.25e-05 0 0 0 0 0 0 1600 2482.91 3420.59 12 637.602
0.0251625 1.25e-05 0 0 0 0 0 0 1600 2486.28 3418.53 12 611.749
0.0252125 1.25e-05 0 0 0 0 0 0 1600 2489.7 3416.4 12 614.567
0.0252625 1.25e-05 0 0 0 0 0 0 1600 2492.87 3414.62 12 649.026
0.0253125 1.25e-05 0 0 0 0 0 0 1600 2496.16 3412.69 12 626.6
0.0253625 1.25e-05 0 0 0 0 0 0 1600 2499.51 3410.68 12 594.157
0.0254125 1.25e-05 0 0 0 0 0 0 1600 2502.86 3408.67 12 616.077
0.0254625 1.25e-05 0 0 0 0 0 0 1600 2506.21 3406.66 12 620.252
0.0255125 1.25e-05 0 0 0 0 0 0 1600 2509.51 3404.73 12 628.925
0.0255625 1.25e-05 0 0 0 0 0 0 1600 2512.82 3402.8 12 629.708
0.0256125 1.25e-05 0 0 0 0 0 0 1600 2516.25 3400.7 12 598.538
0.0256625 1.25e-05 0 0 0 0 0 0 1600 2519.44 3398.93 12 644.418
0.0257125 1.25e-05 0 0 0 0 0 0 1600 2522.76 3397 12 626.259
0.0257625 1.25e-05 0 0 0 0 0 0 1600 2526.1 3395.04 12 620.89
0.0258125 1.25e-05 0 0 0 0 0 0 1600 2529.49 3393.01 12 615.819
0.0258625 1.25e-05 0 0 0 0 0 0 1600 2532.79 3391.12 12 627.291
0.0259125 1.25e-05 0 0 0 0 0 0 1600 2536.1 3389.22 12 611.131
0.0259625 1.25e-05 0 0 0 0 0 0 1600 2539.61 3387.06 12 587.349
0.0260125 1.25e-05 0 0 0 0 0 0 1600 2542.97 3385.1 12 599.364
0.0260625 1.25e-05 0 0 0 0 0 0 1600 2546.35 3383.12 12 622.047
0.0261125 1.25e-05 0 0 0 0 0 0 1600 2549.8 3381.06 12 606.882
0.0261625 1.25e-05 0 0 0 0 0 0 1600 2553.08 3379.22 12 626.347
0.0262125 1.25e-05 0 0 0 0 0 0 1600 2556.41 3377.31 12 625.834
0.0262625 1.25e-05 0 0 0 0 0 0 1600 2559.8 3375.35 12 608.7
0.0263125 1.25e-05 0 0 0 0 0 0 1600 2563.07 3373.54 12 634.518
0.0263625 1.25e-05 0 0 0 0 0 0 1600 2566.43 3371.61 12 604.141
0.0264125 1.25e-05 0 0 0 0 0 0 1600 2569.99 3369.43 12 552.376
0.0264625 1.25e-05 0 0 0 0 0 0 1600 2573.19 3367.73 12 650.033
0.0265125 1.25e-05 0 0 0 0 0 0 1600 2576.44 3365.97 12 634.621
0.0265625 1.25e-05 0 0 0 0 0 0 1600 2580.09 3363.69 12 529.075
0.0266125 1.25e-05 0 0 0 0 0 0 1600 2583.23 3362.07 12 658.695
0.0266625 1.25e-05 0 0 0 0 0 0 1600 2586.22 3360.67 12 675.103
0.0267125 1.25e-05 0 0 0 0 0 0 1600 2590.15 3358.03 12 507.48
0.0267625 1.25e-05 0 0 0 0 0 0 1600 2593.38 3356.31 12 606.886
0.0268125 1.25e-05 0 0 0 0 0 0 1600 2596.79 3354.38 12 616.625
0.0268625 1.25e-05 0 0 0 0 0 0 1600 2600.28 3352.34 12 572.651
0.0269125 1.25e-05 0 0 0 0 0 0 1600 2603.56 3350.57 12 623.807
0.0269625 1.25e-05 0 0 0 0 0 0 1600 2606.93 3348.69 12 602.868
0.0270125 1.25e-05 0 0 0 0 0 0 1600 2610.45 3346.64 12 553.862
0.0270625 1.25e-05 0 0 0 0 0 0 1600 2613.79 3344.81 12 610.947
0.0271125 1.25e-05 0 0 0 0 0 0 1600 2616.71 3343.52 12 673.239
0.0271625 1.25e-05 0 0 0 0 0 0 1600 2620.63 3340.96 12 504.343
0.0272125 1.25e-05 0 0 0 0 0 0 1600 2623.98 3339.13 12 627.508
0.0272625 1.25e-05 0 0 0 0 0 0 1600 2627.28 3337.38 12 626.457
0.0273125 1.25e-05 0 0 0 0 0 0 1600 2630.79 3335.36 12 586.077
0.0273625 1.25e-05 0 0 0 0 0 0 1600 2633.74 3334.05 12 664.297
0.0274125 1.25e-05 0 0 0 0 0 0 1600 2637.14 3332.17 12 605.003
0.0274625 1.25e-05 0 0 0 0 0 0 1600 2640.77 3330.01 12 562.425
0.0275125 1.25e-05 0 0 0 0 0 0 1600 2643.89 3328.5 12 660.946
0.0275625 1.25e-05 0 0 0 0 0 0 1600 2647.35 3326.58 12 597.763
0.0276125 1.25e-05 0 0 0 0 0 0 1600 2650.8 3324.65 12 584.151
0.0276625 1.25e-05 0 0 0 0 0 0 1600 2654.07 3322.98 12 629.932
0.0277125 1.25e-05 0 0 0 0 0 0 1600 2657.37 3321.26 12 640.524
0.0277625 1.25e-05 0 0 0 0 0 0 1600 2660.92 3319.24 12 572.688
0.0278125 1.25e-05 0 0 0 0 0 0 1600 2664.12 3317.65 12 657.381
0.0278625 1.25e-05 0 0 0 0 0 0 1600 2667.41 3315.96 12 620.623
0.0279125 1.25e-05 0 0 0 0 0 0 1600 2671.01 3313.89 12 562.626
0.0279625 1.25e-05 0 0 0 0 0 0 1600 2674.24 3312.27 12 651.905
0.0280125 1.25e-05 0 0 0 0 0 0 1600 2677.46 3310.68 12 639.069
0.0280625 1.25e-05 0 0 0 0 0 0 1600 2681.08 3308.6 12 558.9
0.0281125 1.25e-05 0 0 0 0 0 0 1600 2684.23 3307.1 12 657.775
0.0281625 1.25e-05 0 0 0 0 0 0 1600 2687.49 3305.47 12 639.964
0.0282125 1.25e-05 0 0 0 0 0 0 1600 2691.2 3303.28 12 543.088
0.0282625 1.25e-05 0 0 0 0 0 0 1600 2694.37 3301.78 12 653.873
0.0283125 1.25e-05 0 0 0 0 0 0 1600 2697.62 3300.18 12 649.97
0.0283625 1.25e-05 0 0 0 0 0 0 1600 2701.35 3297.98 12 536.138
0.0284125 1.25e-05 0 0 0 0 0 0 1600 2704.5 3296.51 12 657.051
0.0284625 1.25e-05 0 0 0 0 0 0 1600 2707.82 3294.83 12 636.634
0.0285125 1.25e-05 0 0 0 0 0 0 1600 2711.48 3292.74 12 551.121
0.0285625 1.25e-05 0 0 0 0 0 0 1600 2714.64 3291.27 12 675.198
0.0286125 1.25e-05 0 0 0 0 0 0 1600 2717.88 3289.71 12 636.676
0.0286625 1.25e-05 0 0 0 0 0 0 1600 2721.61 3287.54 12 527.108
0.0287125 1.25e-05 0 0 0 0 0 0 1600 2724.84 3286 12 649.769
0.0287625 1.25e-05 0 0 0 0 0 0 1600 2728.05 3284.48 12 645.73
0.0288125 1.25e-05 0 0 0 0 0 0 1600 2731.92 3282.17 12 510.231
0.0288625 1.25e-05 0 0 0 0 0 0 1600 2734.92 3280.91 12 670.953
0.0289125 1.25e-05 0 0 0 0 0 0 1600 2738.18 3279.33 12 635.889
0.0289625 1.25e-05 0 0 0 0 0 0 1600 2741.97 3277.14 12 532.649
0.0290125 1.25e-05 0 0 0 0 0 0 1600 2745.15 3275.67 12 647.177
0.0290625 1.25e-05 0 0 0 0 0 0 1600 2748.47 3274.05 12 620.737
0.0291125 1.25e-05 0 0 0 0 0 0 1600 2752.26 3271.86 12 526.42
0.0291625 1.25e-05 0 0 0 0 0 0 1600 2755.42 3270.43 12 648.554
0.0292 1.25e-05 0 0 0 0 0 0 1600 2756.45 3270.95 12 3934.98
0.0292125 1.25e-05 0 0 0 0 0 0 1600 2758.87 3268.66 12 661.112
0.0292625 1.25e-05 0 0 0 0 0 0 1600 2762.42 3266.78 12 570.989
0.0293125 1.25e-05 0 0 0 0 0 0 1600 2765.59 3265.34 12 661.985
0.0293625 1.25e-05 0 0 0 0 0 0 1600 2768.84 3263.82 12 640.086
0.0294125 1.25e-05 0 0 0 0 0 0 1600 2772.83 3261.44 12 489.072
0.0294625 1.25e-05 0 0 0 0 0 0 1600 2776.18 3259.81 12 629.162
0.0295125 1.25e-05 0 0 0 0 0 0 1600 2779.43 3258.3 12 605.488
0.0295625 1.25e-05 0 0 0 0 0 0 1600 2783.05 3256.36 12 553.519
0.0296125 1.25e-05 0 0 0 0 0 0 1600 2786.29 3254.87 12 645.422
0.0296625 1.25e-05 0 0 0 0 0 0 1600 2789.56 3253.35 12 630.942
0.0297125 1.25e-05 0 0 0 0 0 0 1600 2793.2 3251.4 12 562.009
0.0297625 1.25e-05 0 0 0 0 0 0 1600 2796.4 3249.97 12 655.14
0.0298125 1.25e-05 0 0 0 0 0 0 1600 2799.64 3248.49 12 656.446
0.0298625 1.25e-05 0 0 0 0 0 0 1600 2803.34 3246.49 12 541.198
0.0299125 1.25e-05 0 0 0 0 0 0 1600 2806.43 3245.19 12 660.536
0.0299625 1.25e-05 0 0 0 0 0 0 1600 2809.69 3243.71 12 641.139
0.0300125 1.25e-05 0 0 0 0 0 0 1600 2814.5 3240.44 12 398.258
0.0300625 1.25e-05 0 0 0 0 0 0 1600 2817.55 3239.2 12 660.161
0.0301125 1.25e-05 0 0 0 0 0 0 1600 2820.82 3237.72 12 631.939
0.0301625 1.25e-05 0 0 0 0 0 0 1600 2824.09 3236.24 12 638.336
0.0302125 1.25e-05 0 0 0 0 0 0 1600 2827.33 3234.79 12 646.679
0.0302625 1.25e-05 0 0 0 0 0 0 1600 2830.41 3233.53 12 644.943
0.0303125 1.25e-05 0 0 0 0 0 0 1600 2833.74 3231.99 12 629.833
0.0303625 1.25e-05 0 0 0 0 0 0 1600 2836.89 3230.65 12 654.928
0.0304125 1.25e-05 0 0 0 0 0 0 1600 2840.18 3229.16 12 626.215
0.0304625 1.25e-05 0 0 0 0 0 0 1600 2843.79 3227.31 12 557.994
0.0305125 1.25e-05 0 0 0 0 0 0 1600 2846.97 3225.96 12 657.419
0.0305625 1.25e-05 0 0 0 0 0 0 1600 2850.22 3224.53 12 639.843
0.0306125 1.25e-05 0 0 0 0 0 0 1600 2853.87 3222.65 12 547.621
0.0306625 1.25e-05 0 0 0 0 0 0 1600 2857.01 3221.34 12 656.173
0.0307125 1.25e-05 0 0 0 0 0 0 1600 2860.25 3219.94 12 654.893
0.0307625 1.25e-05 0 0 0 0 0 0 1600 2864.21 3217.71 12 495.013
0.0308125 1.25e-05 0 0 0 0 0 0 1600 2867.21 3216.58 12 663.232
0.0308625 1.25e-05 0 0 0 0 0 0 1600 2870.42 3215.22 12 643.937
0.0309125 1.25e-05 0 0 0 0 0 0 1600 2874.15 3213.26 12 535.603
0.0309625 1.25e-05 0 0 0 0 0 0 1600 2877.35 3211.92 12 652.402
0.0310125 1.25e-05 0 0 0 0 0 0 1600 2880.47 3210.66 12 664.789
0.0310625 1.25e-05 0 0 0 0 0 0 1600 2884.34 3208.57 12 511.568
0.0311125 1.25e-05 0 0 0 0 0 0 1600 2887.42 3207.37 12 656.336
0.0311625 1.25e-05 0 0 0 0 0 0 1600 2890.7 3205.94 12 631.441
0.0312125 1.25e-05 0 0 0 0 0 0 1600 2894.35 3204.11 12 553.978
0.0312625 1.25e-05 0 0 0 0 0 0 1600 2897.45 3202.89 12 670.508
0.0313125 1.25e-05 0 0 0 0 0 0 1600 2900.74 3201.46 12 625.466
0.0313625 1.25e-05 0 0 0 0 0 0 1600 2904.41 3199.62 12 533.18
0.0314125 1.25e-05 0 0 0 0 0 0 1600 2907.57 3198.35 12 666.192
0.0314625 1.25e-05 0 0 0 0 0 0 1600 2910.91 3196.88 12 627.844
0.0315125 1.25e-05 0 0 0 0 0 0 1600 2914.64 3194.98 12 537.355
0.0315625 1.25e-05 0 0 0 0 0 0 1600 2917.72 3193.79 12 671.578
0.0316125 1.25e-05 0 0 0 0 0 0 1600 2920.89 3192.53 12 658.581
0.0316625 1.25e-05 0 0 0 0 0 0 1600 2924.75 3190.5 12 512.144
0.0317125 1.25e-05 0 0 0 0 0 0 1600 2927.83 3189.33 12 657.346
0.0317625 1.25e-05 0 0 0 0 0 0 1600 2931.08 3187.97 12 631.66
0.0318125 1.25e-05 0 0 0 0 0 0 1600 2935.03 3185.86 12 498.579
0.0318625 1.25e-05 0 0 0 0 0 0 1600 2938 3184.82 12 652.74
0.0319125 1.25e-05 0 0 0 0 0 0 1600 2941.27 3183.46 12 635.412
0.0319625 1.25e-05 0 0 0 0 0 0 1600 2944.95 3181.65 12 548.81
0.0320125 1.25e-05 0 0 0 0 0 0 1600 2948.09 3180.44 12 662.894
0.0320625 1.25e-05 0 0 0 0 0 0 1600 2951.32 3179.12 12 636.639
0.0321125 1.25e-05 0 0 0 0 0 0 1600 2955.04 3177.29 12 537.9
0.0321625 1.25e-05 0 0 0 0 0 0 1600 2958.25 3176.01 12 646.028
0.0322125 1.25e-05 0 0 0 0 0 0 1600 2961.61 3174.56 12 597.366
0.0322625 1.25e-05 0 0 0 0 0 0 1600 2965.17 3172.91 12 541.288
0.0323125 1.25e-05 0 0 0 0 0 0 1600 2968.54 3171.46 12 624.147
0.0323625 1.25e-05 0 0 0 0 0 0 1600 2971.89 3170.04 12 596.639
0.0324125 1.25e-05 0 0 0 0 0 0 1600 2975.3 3168.56 12 572.067
0.0324625 1.25e-05 0 0 0 0 0 0 1600 2978.65 3167.15 12 623.314
0.0325125 1.25e-05 0 0 0 0 0 0 1600 2982.01 3165.72 12 612.279
0.0325625 1.25e-05 0 0 0 0 0 0 1600 2985.48 3164.19 12 603.822
0.0326125 1.25e-05 0 0 0 0 0 0 1600 2988.84 3162.76 12 610.899
0.0326625 1.25e-05 0 0 0 0 0 0 1600 2992.16 3161.4 12 633.168
0.0327125 1.25e-05 0 0 0 0 0 0 1600 2995.54 3159.97 12 619.686
0.0327625 1.25e-05 0 0 0 0 0 0 1600 2998.78 3158.69 12 640.299
0.0328125 1.25e-05 0 0 0 0 0 0 1600 3002.12 3157.31 12 619.521
0.0328625 1.25e-05 0 0 0 0 0 0 1600 3005.61 3155.77 12 571.871
0.0329125 1.25e-05 0 0 0 0 0 0 1600 3008.61 3154.75 12 659.527
0.0329625 1.25e-05 0 0 0 0 0 0 1600 3011.76 3153.58 12 667.106
0.0330125 1.25e-05 0 0 0 0 0 0 1600 3014.97 3152.34 12 650.214
0.03305 1.25e-05 0 0 0 0 0 0 1600 3016.28 3152.57 12 3995.54
0.0330625 1.25e-05 0 0 0 0 0 0 1600 3018.93 3150.33 12 603.945
0.0331125 1.25e-05 0 0 0 0 0 0 1600 3022.28 3148.95 12 602.862
0.0331625 1.25e-05 0 0 0 0 0 0 1600 3025.86 3147.34 12 564.284
0.0332125 1.25e-05 0 0 0 0 0 0 1600 3029.11 3146.07 12 654.234
0.0332625 1.25e-05 0 0 0 0 0 0 1600 3032.39 3144.78 12 630.255
0.0333125 1.25e-05 0 0 0 0 0 0 1600 3036 3143.15 12 566.343
0.0333625 1.25e-05 0 0 0 0 0 0 1600 3039.14 3142.01 12 660.204
0.0334125 1.25e-05 0 0 0 0 0 0 1600 3042.46 3140.68 12 618.271
0.0334625 1.25e-05 0 0 0 0 0 0 1600 3046.12 3139.01 12 551.637
0.0335125 1.25e-05 0 0 0 0 0 0 1600 3049.3 3137.84 12 661.282
0.0335625 1.25e-05 0 0 0 0 0 0 1600 3052.53 3136.62 12 657.646
0.0336125 1.25e-05 0 0 0 0 0 0 1600 3056.19 3134.95 12 541.899
0.0336625 1.25e-05 0 0 0 0 0 0 1600 3059.31 3133.85 12 667.945
0.0337125 1.25e-05 0 0 0 0 0 0 1600 3062.59 3132.58 12 646.749
0.0337625 1.25e-05 0 0 0 0 0 0 1600 3066.54 3130.63 12 495.958
0.0338125 1.25e-05 0 0 0 0 0 0 1600 3069.87 3129.32 12 634.167
0.0338625 1.25e-05 0 0 0 0 0 0 1600 3073.17 3128.04 12 626.66
0.0339125 1.25e-05 0 0 0 0 0 0 1600 3076.58 3126.66 12 592.922
0.0339625 1.25e-05 0 0 0 0 0 0 1600 3079.94 3125.32 12 616.437
0.0340125 1.25e-05 0 0 0 0 0 0 1600 3083.3 3123.99 12 616.442
0.0340625 1.25e-05 0 0 0 0 0 0 1600 3086.77 3122.56 12 605.518
0.0341125 1.25e-05 0 0 0 0 0 0 1600 3090.04 3121.32 12 634.425
0.0341625 1.25e-05 0 0 0 0 0 0 1600 3093.41 3119.99 12 613.605
0.0342125 1.25e-05 0 0 0 0 0 0 1600 3096.77 3118.67 12 618.797
0.0342625 1.25e-05 0 0 0 0 0 0 1600 3100.03 3117.45 12 633.12
0.0343125 1.25e-05 0 0 0 0 0 0 1600 3103.4 3116.14 12 616.592
0.0343625 1.25e-05 0 0 0 0 0 0 1600 3106.84 3114.74 12 565.841
0.0344125 1.25e-05 0 0 0 0 0 0 1600 3110.12 3113.51 12 626.125
0.0344625 1.25e-05 0 0 0 0 0 0 1600 3113.5 3112.2 12 600.555
0.0345125 1.25e-05 0 0 0 0 0 0 1600 3117 3110.75 12 580.893
0.0345625 1.25e-05 0 0 0 0 0 0 1600 3120.19 3109.62 12 658.559
0.0346125 1.25e-05 0 0 0 0 0 0 1600 3123.4 3108.48 12 640.037
0.0346625 1.25e-05 0 0 0 0 0 0 1600 3127.12 3106.83 12 535.091
0.0347125 1.25e-05 0 0 0 0 0 0 1600 3130.24 3105.77 12 663.289
0.0347625 1.25e-05 0 0 0 0 0 0 1600 3133.42 3104.66 12 654.973
0.0348125 1.25e-05 0 0 0 0 0 0 1600 3137.36 3102.8 12 499.532
0.0348625 1.25e-05 0 0 0 0 0 0 1600 3140.51 3101.73 12 645.272
0.0349125 1.25e-05 0 0 0 0 0 0 1600 3143.6 3100.72 12 658.858
0.0349625 1.25e-05 0 0 0 0 0 0 1600 3147.55 3098.86 12 497.25
0.0350125 1.25e-05 0 0 0 0 0 0 1600 3151.02 3097.48 12 576.502
0.0350375 1.25e-05 0 0 0 0 0 0 1600 3152.21 3097.33 12 1696.98
0.0350625 1.25e-05 0 0 0 0 0 0 1600 3155.15 3095.45 12 627.439
0.0351125 1.25e-05 0 0 0 0 0 0 1600 3158.59 3094.11 12 584.622
0.0351625 1.25e-05 0 0 0 0 0 0 1600 3161.92 3092.87 12 621.272
0.0352125 1.25e-05 0 0 0 0 0 0 1600 3165.3 3091.59 12 621.044
0.0352625 1.25e-05 0 0 0 0 0 0 1600 3168.69 3090.3 12 571.388
0.0353125 1.25e-05 0 0 0 0 0 0 1600 3172.09 3089.01 12 610.577
0.0353625 1.25e-05 0 0 0 0 0 0 1600 3175.42 3087.78 12 619.882
0.0354125 1.25e-05 0 0 0 0 0 0 1600 3178.78 3086.54 12 614.924
0.0354625 1.25e-05 0 0 0 0 0 0 1600 3182.03 3085.39 12 644.476
0.0355125 1.25e-05 0 0 0 0 0 0 1600 3185.42 3084.12 12 608.147
0.0355625 1.25e-05 0 0 0 0 0 0 1600 3188.75 3082.9 12 631.372
0.0356125 1.25e-05 0 0 0 0 0 0 1600 3192.03 3081.74 12 626.08
0.0356625 1.25e-05 0 0 0 0 0 0 1600 3195.31 3080.58 12 636.102
0.0357125 1.25e-05 0 0 0 0 0 0 1600 3198.63 3079.38 12 630.536
0.0357625 1.25e-05 0 0 0 0 0 0 1600 3201.99 3078.15 12 615.724
0.0358125 1.25e-05 0 0 0 0 0 0 1600 3205.24 3077.02 12 642.956
0.0358625 1.25e-05 0 0 0 0 0 0 1600 3208.5 3075.89 12 637.892
0.0359125 1.25e-05 0 0 0 0 0 0 1600 3211.89 3074.64 12 608.61
0.0359625 1.25e-05 0 0 0 0 0 0 1600 3215.27 3073.4 12 619.779
0.0360125 1.25e-05 0 0 0 0 0 0 1600 3218.68 3072.13 12 602.078
0.0360625 1.25e-05 0 0 0 0 0 0 1600 3221.88 3071.07 12 641.834
0.0361125 1.25e-05 0 0 0 0 0 0 1600 3224.94 3070.13 12 661.781
0.0361625 1.25e-05 0 0 0 0 0 0 1600 3228.89 3068.37 12 490.22
0.0362125 1.25e-05 0 0 0 0 0 0 1600 3232.1 3067.3 12 666.611
0.0362625 1.25e-05 0 0 0 0 0 0 1600 3235.37 3066.18 12 627.347
0.0363125 1.25e-05 0 0 0 0 0 0 1600 3238.85 3064.86 12 590.39
0.0363625 1.25e-05 0 0 0 0 0 0 1600 3242.2 3063.67 12 605.974
0.0364125 1.25e-05 0 0 0 0 0 0 1600 3245.48 3062.54 12 632.673
0.0364625 1.25e-05 0 0 0 0 0 0 1600 3248.97 3061.22 12 592.893
0.0365125 1.25e-05 0 0 0 0 0 0 1600 3252.22 3060.13 12 639.216
0.0365625 1.25e-05 0 0 0 0 0 0 1600 3255.65 3058.87 12 593.205
0.0366125 1.25e-05 0 0 0 0 0 0 1600 3259.09 3057.61 12 556.749
0.0366625 1.25e-05 0 0 0 0 0 0 1600 3262.41 3056.46 12 623.989
0.0367125 1.25e-05 0 0 0 0 0 0 1600 3265.77 3055.27 12 620.194
0.0367625 1.25e-05 0 0 0 0 0 0 1600 3269.23 3053.99 12 561.354
0.0368125 1.25e-05 0 0 0 0 0 0 1600 3272.61 3052.8 12 618.758
0.0368625 1.25e-05 0 0 0 0 0 0 1600 3275.93 3051.65 12 621.966
0.0369125 1.25e-05 0 0 0 0 0 0 1600 3279.24 3050.53 12 636.83
0.0369625 1.25e-05 0 0 0 0 0 0 1600 3282.54 3049.41 12 629.876
0.0370125 1.25e-05 0 0 0 0 0 0 1600 3285.94 3048.2 12 593.456
0.0370625 1.25e-05 0 0 0 0 0 0 1600 3289.33 3047.01 12 602.228
0.0371125 1.25e-05 0 0 0 0 0 0 1600 3292.59 3045.93 12 637.909
0.0371625 1.25e-05 0 0 0 0 0 0 1600 3295.89 3044.83 12 624.876
0.0372125 1.25e-05 0 0 0 0 0 0 1600 3299.38 3043.55 12 587.48
0.0372625 1.25e-05 0 0 0 0 0 0 1600 3302.58 3042.53 12 650.532
0.0373125 1.25e-05 0 0 0 0 0 0 1600 3306.02 3041.3 12 597.992
0.0373625 1.25e-05 0 0 0 0 0 0 1600 3309.63 3039.92 12 538.808
0.0374125 1.25e-05 0 0 0 0 0 0 1600 3313.02 3038.74 12 594.455
0.0374625 1.25e-05 0 0 0 0 0 0 1600 3316.4 3037.57 12 621.211
0.0375125 1.25e-05 0 0 0 0 0 0 1600 3319.72 3036.46 12 598.482
0.0375625 1.25e-05 0 0 0 0 0 0 1600 3322.94 3035.44 12 601.836
0.0376 1.25e-05 0 0 0 0 0 0 1600 3323.95 3035.97 12 4215.01
0.0376125 1.25e-05 0 0 0 0 0 0 1600 3326.56 3034.07 12 611.727
0.0376625 1.25e-05 0 0 0 0 0 0 1600 3329.93 3032.92 12 614.048
0.0377125 1.25e-05 0 0 0 0 0 0 1600 3333.26 3031.81 12 623.543
0.0377625 1.25e-05 0 0 0 0 0 0 1600 3336.61 3030.69 12 596.511
0.0378125 1.25e-05 0 0 0 0 0 0 1600 3340.05 3029.48 12 604.42
0.0378625 1.25e-05 0 0 0 0 0 0 1600 3343.36 3028.39 12 613.154
0.0379125 1.25e-05 0 0 0 0 0 0 1600 3346.68 3027.3 12 606.723
0.0379625 1.25e-05 0 0 0 0 0 0 1600 3350.03 3026.18 12 623.277
0.0380125 1.25e-05 0 0 0 0 0 0 1600 3353.35 3025.1 12 617.86
0.0380625 1.25e-05 0 0 0 0 0 0 1600 3356.76 3023.93 12 602.865
0.0381125 1.25e-05 0 0 0 0 0 0 1600 3360.22 3022.72 12 569.77
0.0381625 1.25e-05 0 0 0 0 0 0 1600 3363.55 3021.63 12 618.849
0.0382125 1.25e-05 0 0 0 0 0 0 1600 3366.92 3020.51 12 616.239
0.0382625 1.25e-05 0 0 0 0 0 0 1600 3370.34 3019.34 12 589.502
0.0383125 1.25e-05 0 0 0 0 0 0 1600 3373.32 3018.57 12 662.864
0.0383625 1.25e-05 0 0 0 0 0 0 1600 3376.53 3017.6 12 652.318
0.0384125 1.25e-05 0 0 0 0 0 0 1600 3380.39 3016.04 12 506.821
0.0384625 1.25e-05 0 0 0 0 0 0 1600 3383.6 3015.08 12 645.011
0.0385125 1.25e-05 0 0 0 0 0 0 1600 3386.77 3014.14 12 651.302
0.0385625 1.25e-05 0 0 0 0 0 0 1600 3390.03 3013.14 12 639.539
0.0386 1.25e-05 0 0 0 0 0 0 1600 3391.12 3013.58 12 9548.88
0.0386125 1.25e-05 0 0 0 0 0 0 1600 3393.5 3011.93 12 670.718
0.0386625 1.25e-05 0 0 0 0 0 0 1600 3396.78 3010.92 12 635.144
0.0387125 1.25e-05 0 0 0 0 0 0 1600 3400.06 3009.89 12 645.529
0.0387625 1.25e-05 0 0 0 0 0 0 1600 3403.42 3008.8 12 669.491
0.0388125 1.25e-05 0 0 0 0 0 0 1600 3406.74 3007.74 12 625
0.0388625 1.25e-05 0 0 0 0 0 0 1600 3410.01 3006.74 12 634.277
0.0389 1.25e-05 0 0 0 0 0 0 1600 3411.03 3007.25 12 5061.8
0.0389125 1.25e-05 0 0 0 0 0 0 1600 3413.44 3005.6 12 664.2
0.0389625 1.25e-05 0 0 0 0 0 0 1600 3416.67 3004.63 12 645.042
0.0390125 1.25e-05 0 0 0 0 0 0 1600 3420.01 3003.56 12 608.093
0.03905 1.25e-05 0 0 0 0 0 0 1600 3421.1 3004.01 12 2132.61
0.0390625 1.25e-05 0 0 0 0 0 0 1600 3423.54 3002.33 12 655.822
0.0391125 1.25e-05 0 0 0 0 0 0 1600 3426.8 3001.34 12 635.429
0.0391625 1.25e-05 0 0 0 0 0 0 1600 3430.1 3000.32 12 628.233
0.0392 1.25e-05 0 0 0 0 0 0 1600 3431.33 3000.64 12 1845.33
0.0392125 1.25e-05 0 0 0 0 0 0 1600 3433.72 2999.03 12 671.306
0.0392625 1.25e-05 0 0 0 0 0 0 1600 3436.93 2998.08 12 644.104
0.0393125 1.25e-05 0 0 0 0 0 0 1600 3440.21 2997.09 12 632.682
0.03935 1.25e-05 0 0 0 0 0 0 1600 3441.23 2997.59 12 2404.86
0.0393625 1.25e-05 0 0 0 0 0 0 1600 3443.87 2995.76 12 607.023
0.0394125 1.25e-05 0 0 0 0 0 0 1600 3447.08 2994.82 12 645.726
0.0394625 1.25e-05 0 0 0 0 0 0 1600 3450.37 2993.83 12 638.089
0.0395125 1.25e-05 0 0 0 0 0 0 1600 3453.7 2992.79 12 609.519
0.0395625 1.25e-05 0 0 0 0 0 0 1600 3457 2991.78 12 629.526
0.0396125 1.25e-05 0 0 0 0 0 0 1600 3460.37 2990.73 12 612.261
0.0396625 1.25e-05 0 0 0 0 0 0 1600 3463.47 2989.89 12 641.005
0.0397125 1.25e-05 0 0 0 0 0 0 1600 3466.51 2989.12 12 670.764
0.0397625 1.25e-05 0 0 0 0 0 0 1600 3469.71 2988.21 12 653.813
0.0398125 1.25e-05 0 0 0 0 0 0 1600 3473.04 2987.18 12 618.812
0.0398625 1.25e-05 0 0 0 0 0 0 1600 3476.35 2986.18 12 614.715
0.0399125 1.25e-05 0 0 0 0 0 0 1600 3479.41 2985.39 12 654.527
0.0399625 1.25e-05 0 0 0 0 0 0 1600 3482.65 2984.45 12 615.499
0.0400125 1.25e-05 0 0 0 0 0 0 1600 3486.01 2983.42 12 603.776
0.0400375 1.25e-05 0 0 0 0 0 0 1600 3487.37 2983.17 12 3347.32
0.0400625 1.25e-05 0 0 0 0 0 0 1600 3490.04 2981.8 12 650.764
0.0401125 1.25e-05 0 0 0 0 0 0 1600 3493.54 2980.65 12 584.368
0.0401625 1.25e-05 0 0 0 0 0 0 1600 3496.84 2979.66 12 628.102
0.0402125 1.25e-05 0 0 0 0 0 0 1600 3500.18 2978.65 12 609.444
0.0402625 1.25e-05 0 0 0 0 0 0 1600 3503.62 2977.55 12 579.48
0.0403125 1.25e-05 0 0 0 0 0 0 1600 3506.99 2976.52 12 623.686
0.0403625 1.25e-05 0 0 0 0 0 0 1600 3510.35 2975.49 12 614.051
0.0404125 1.25e-05 0 0 0 0 0 0 1600 3513.48 2974.66 12 626.639
0.0404625 1.25e-05 0 0 0 0 0 0 1600 3516.76 2973.71 12 636.778
0.0405125 1.25e-05 0 0 0 0 0 0 1600 3519.97 2972.81 12 640.526
0.0405625 1.25e-05 0 0 0 0 0 0 1600 3523.38 2971.75 12 609.432
0.0406125 1.25e-05 0 0 0 0 0 0 1600 3526.62 2970.84 12 623.404
0.0406625 1.25e-05 0 0 0 0 0 0 1600 3529.54 2970.19 12 672.851
0.0407125 1.25e-05 0 0 0 0 0 0 1600 3533.31 2968.83 12 531.647
0.0407625 1.25e-05 0 0 0 0 0 0 1600 3536.38 2968.07 12 662.259
0.0408125 1.25e-05 0 0 0 0 0 0 1600 3539.58 2967.19 12 645.521
0.0408625 1.25e-05 0 0 0 0 0 0 1600 3543.34 2965.85 12 522.823
0.0409125 1.25e-05 0 0 0 0 0 0 1600 3546.45 2965.06 12 671.939
0.0409625 1.25e-05 0 0 0 0 0 0 1600 3549.72 2964.13 12 647.066
0.0410125 1.25e-05 0 0 0 0 0 0 1600 3553.44 2962.82 12 530.136
0.0410625 1.25e-05 0 0 0 0 0 0 1600 3556.66 2961.94 12 655.64
0.0411125 1.25e-05 0 0 0 0 0 0 1600 3559.8 2961.12 12 655.682
0.0411625 1.25e-05 0 0 0 0 0 0 1600 3563.74 2959.65 12 497.475
0.0412125 1.25e-05 0 0 0 0 0 0 1600 3567.16 2958.6 12 601.153
0.0412625 1.25e-05 0 0 0 0 0 0 1600 3570.33 2957.77 12 619.88
0.0413125 1.25e-05 0 0 0 0 0 0 1600 3573.92 2956.59 12 544.536
0.0413625 1.25e-05 0 0 0 0 0 0 1600 3577.28 2955.6 12 602.42
0.0414125 1.25e-05 0 0 0 0 0 0 1600 3580.52 2954.71 12 642.64
0.0414625 1.25e-05 0 0 0 0 0 0 1600 3583.91 2953.7 12 609.387
0.0415125 1.25e-05 0 0 0 0 0 0 1600 3587.2 2952.78 12 624.145
0.0415625 1.25e-05 0 0 0 0 0 0 1600 3590.5 2951.85 12 636.338
0.0416125 1.25e-05 0 0 0 0 0 0 1600 3593.98 2950.77 12 582.064
0.0416625 1.25e-05 0 0 0 0 0 0 1600 3597.19 2949.91 12 635.29
0.0417125 1.25e-05 0 0 0 0 0 0 1600 3600.47 2949.01 12 635.998
0.0417625 1.25e-05 0 0 0 0 0 0 1600 3604.1 2947.81 12 556.126
0.0418125 1.25e-05 0 0 0 0 0 0 1600 3607.41 2946.88 12 624.42
0.0418625 1.25e-05 0 0 0 0 0 0 1600 3610.61 2946.04 12 647.602
0.0419125 1.25e-05 0 0 0 0 0 0 1600 3614.2 2944.88 12 554.77
0.0419625 1.25e-05 0 0 0 0 0 0 1600 3617.47 2943.99 12 645.331
0.0420125 1.25e-05 0 0 0 0 0 0 1600 3620.8 2943.05 12 614.46
0.0420625 1.25e-05 0 0 0 0 0 0 1600 3624.36 2941.93 12 560.012
0.0421125 1.25e-05 0 0 0 0 0 0 1600 3627.76 2940.94 12 605.486
0.0421625 1.25e-05 0 0 0 0 0 0 1600 3630.85 2940.2 12 639.332
0.0422125 1.25e-05 0 0 0 0 0 0 1600 3634.47 2939.03 12 541.4
0.0422625 1.25e-05 0 0 0 0 0 0 1600 3637.77 2938.12 12 628.769
0.0423125 1.25e-05 0 0 0 0 0 0 1600 3641.14 2937.16 12 623.562
0.0423625 1.25e-05 0 0 0 0 0 0 1600 3644.6 2936.13 12 572.199
0.0424125 1.25e-05 0 0 0 0 0 0 1600 3647.78 2935.32 12 658.627
0.0424625 1.25e-05 0 0 0 0 0 0 1600 3651.05 2934.44 12 634.8
0.0425125 1.25e-05 0 0 0 0 0 0 1600 3654.65 2933.31 12 554.482
0.0425625 1.25e-05 0 0 0 0 0 0 1600 3657.87 2932.47 12 659.138
0.0426125 1.25e-05 0 0 0 0 0 0 1600 3661.22 2931.54 12 620.486
0.0426625 1.25e-05 0 0 0 0 0 0 1600 3664.79 2930.43 12 549.003
0.0427125 1.25e-05 0 0 0 0 0 0 1600 3668.03 2929.59 12 647.626
0.0427625 1.25e-05 0 0 0 0 0 0 1600 3671.28 2928.73 12 635.304
0.0428125 1.25e-05 0 0 0 0 0 0 1600 3674.89 2927.6 12 562.133
0.0428625 1.25e-05 0 0 0 0 0 0 1600 3678.09 2926.79 12 648.804
0.0429125 1.25e-05 0 0 0 0 0 0 1600 3681.44 2925.87 12 606.596
0.0429625 1.25e-05 0 0 0 0 0 0 1600 3685.06 2924.73 12 567.51
0.0430125 1.25e-05 0 0 0 0 0 0 1600 3688.28 2923.91 12 641.817
0.0430625 1.25e-05 0 0 0 0 0 0 1600 3691.6 2923.02 12 624.695
0.0431125 1.25e-05 0 0 0 0 0 0 1600 3695.2 2921.91 12 554.037
0.0431625 1.25e-05 0 0 0 0 0 0 1600 3698.32 2921.17 12 663.391
0.0432125 1.25e-05 0 0 0 0 0 0 1600 3701.61 2920.3 12 646.924
0.0432625 1.25e-05 0 0 0 0 0 0 1600 3705.32 2919.1 12 540.824
0.0433125 1.25e-05 0 0 0 0 0 0 1600 3708.52 2918.31 12 654.631
0.0433625 1.25e-05 0 0 0 0 0 0 1600 3711.81 2917.45 12 625.393
0.0434125 1.25e-05 0 0 0 0 0 0 1600 3715.45 2916.31 12 548.279
0.0434625 1.25e-05 0 0 0 0 0 0 1600 3718.75 2915.45 12 641.57
0.0435125 1.25e-05 0 0 0 0 0 0 1600 3722.11 2914.53 12 603.62
0.0435625 1.25e-05 0 0 0 0 0 0 1600 3725.6 2913.52 12 595.356
0.0436 1.25e-05 0 0 0 0 0 0 1600 3726.78 2913.89 12 7030.28
0.0436125 1.25e-05 0 0 0 0 0 0 1600 3729.21 2912.42 12 659.396
0.0436625 1.25e-05 0 0 0 0 0 0 1600 3732.34 2911.69 12 668.82
0.0437125 1.25e-05 0 0 0 0 0 0 1600 3735.71 2910.78 12 616.981
0.0437625 1.25e-05 0 0 0 0 0 0 1600 3738.93 2909.98 12 647.574
0.0438125 1.25e-05 0 0 0 0 0 0 1600 3742.32 2909.06 12 607.283
0.0438625 1.25e-05 0 0 0 0 0 0 1600 3745.84 2908.03 12 542.685
0.0439125 1.25e-05 0 0 0 0 0 0 1600 3749.2 2907.13 12 614.38
0.0439625 1.25e-05 0 0 0 0 0 0 1600 3752.59 2906.21 12 602.467
0.0440125 1.25e-05 0 0 0 0 0 0 1600 3755.91 2905.35 12 605.011
0.0440625 1.25e-05 0 0 0 0 0 0 1600 3758.9 2904.73 12 663.027
0.0441125 1.25e-05 0 0 0 0 0 0 1600 3762.12 2903.95 12 640.462
0.0441625 1.25e-05 0 0 0 0 0 0 1600 3765.9 2902.73 12 519.594
0.0442125 1.25e-05 0 0 0 0 0 0 1600 3769.1 2901.97 12 644.613
0.0442625 1.25e-05 0 0 0 0 0 0 1600 3772.3 2901.2 12 641.596
0.0443125 1.25e-05 0 0 0 0 0 0 1600 3776.28 2899.84 12 497.054
0.0443625 1.25e-05 0 0 0 0 0 0 1600 3779.32 2899.2 12 666.147
0.0444125 1.25e-05 0 0 0 0 0 0 1600 3782.43 2898.51 12 668.195
0.0444625 1.25e-05 0 0 0 0 0 0 1600 3786.23 2897.29 12 529.345
0.0445125 1.25e-05 0 0 0 0 0 0 1600 3789.27 2896.66 12 664.542
0.0445625 1.25e-05 0 0 0 0 0 0 1600 3792.52 2895.86 12 632.283
0.0446125 1.25e-05 0 0 0 0 0 0 1600 3795.54 2895.24 12 675.877
0.04465 1.25e-05 0 0 0 0 0 0 1600 3796.59 2895.7 12 9569.26
0.0446625 1.25e-05 0 0 0 0 0 0 1600 3798.99 2894.3 12 667.535
0.0447125 1.25e-05 0 0 0 0 0 0 1600 3802.26 2893.49 12 642.98
0.0447625 1.25e-05 0 0 0 0 0 0 1600 3805.61 2892.63 12 615.868
0.0448 1.25e-05 0 0 0 0 0 0 1600 3806.73 2893.04 12 7373.44
0.0448125 1.25e-05 0 0 0 0 0 0 1600 3809.17 2891.6 12 655.009
0.0448625 1.25e-05 0 0 0 0 0 0 1600 3812.48 2890.77 12 625
0.0449125 1.25e-05 0 0 0 0 0 0 1600 3815.81 2889.93 12 621.388
0.04495 1.25e-05 0 0 0 0 0 0 1600 3816.96 2890.31 12 9521.77
0.0449625 1.25e-05 0 0 0 0 0 0 1600 3819.37 2888.91 12 664.354
0.0450125 1.25e-05 0 0 0 0 0 0 1600 3822.8 2887.99 12 592.439
0.0450375 1.25e-05 0 0 0 0 0 0 1600 3824.04 2887.89 12 1727.61
0.0450625 1.25e-05 0 0 0 0 0 0 1600 3827.07 2886.44 12 615.588
0.0451125 1.25e-05 0 0 0 0 0 0 1600 3830.29 2885.68 12 641.17
0.0451625 1.25e-05 0 0 0 0 0 0 1600 3833.56 2884.89 12 634.152
0.0452125 1.25e-05 0 0 0 0 0 0 1600 3836.94 2884.02 12 614.987
0.0452625 1.25e-05 0 0 0 0 0 0 1600 3840.13 2883.29 12 654.975
0.0453125 1.25e-05 0 0 0 0 0 0 1600 3843.24 2882.63 12 655.006
0.0453625 1.25e-05 0 0 0 0 0 0 1600 3847.06 2881.42 12 517.42
0.0454125 1.25e-05 0 0 0 0 0 0 1600 3850.42 2880.57 12 605.629
0.0454625 1.25e-05 0 0 0 0 0 0 1600 3853.76 2879.74 12 632.334
0.0455125 1.25e-05 0 0 0 0 0 0 1600 3857.24 2878.8 12 544.076
0.0455625 1.25e-05 0 0 0 0 0 0 1600 3860.59 2877.96 12 625.707
0.0456125 1.25e-05 0 0 0 0 0 0 1600 3863.85 2877.18 12 637.611
0.0456625 1.25e-05 0 0 0 0 0 0 1600 3867.28 2876.28 12 597.695
0.0457125 1.25e-05 0 0 0 0 0 0 1600 3870.61 2875.47 12 625.075
0.0457625 1.25e-05 0 0 0 0 0 0 1600 3873.99 2874.61 12 602.047
0.0458125 1.25e-05 0 0 0 0 0 0 1600 3877.43 2873.71 12 609.299
0.0458625 1.25e-05 0 0 0 0 0 0 1600 3880.65 2872.98 12 647.608
0.0459125 1.25e-05 0 0 0 0 0 0 1600 3883.68 2872.38 12 648.138
0.0459625 1.25e-05 0 0 0 0 0 0 1600 3887.57 2871.16 12 513.813
0.0460125 1.25e-05 0 0 0 0 0 0 1600 3890.61 2870.56 12 645.041
0.0460625 1.25e-05 0 0 0 0 0 0 1600 3894 2869.7 12 614.596
0.0461125 1.25e-05 0 0 0 0 0 0 1600 3897.56 2868.72 12 571.421
0.0461625 1.25e-05 0 0 0 0 0 0 1600 3900.73 2868.03 12 648.487
0.0462125 1.25e-05 0 0 0 0 0 0 1600 3903.97 2867.29 12 656.162
0.0462625 1.25e-05 0 0 0 0 0 0 1600 3907.84 2866.09 12 506.374
0.0463125 1.25e-05 0 0 0 0 0 0 1600 3910.94 2865.45 12 657.14
0.0463625 1.25e-05 0 0 0 0 0 0 1600 3914.11 2864.76 12 649.726
0.0464125 1.25e-05 0 0 0 0 0 0 1600 3917.38 2864.01 12 623.071
0.04645 1.25e-05 0 0 0 0 0 0 1600 3918.46 2864.44 12 9556.06
0.0464625 1.25e-05 0 0 0 0 0 0 1600 3920.99 2863 12 631.892
0.0465125 1.25e-05 0 0 0 0 0 0 1600 3924.15 2862.33 12 662.117
0.0465625 1.25e-05 0 0 0 0 0 0 1600 3927.1 2861.81 12 674.864
0.0465875 1.25e-05 0 0 0 0 0 0 1600 3928.36 2861.71 12 1892.41
0.0466125 1.25e-05 0 0 0 0 0 0 1600 3931 2860.59 12 646.729
0.0466625 1.25e-05 0 0 0 0 0 0 1600 3934.01 2860.04 12 674.05
0.0467125 1.25e-05 0 0 0 0 0 0 1600 3937.12 2859.4 12 666.398
0.0467625 1.25e-05 0 0 0 0 0 0 1600 3940.49 2858.58 12 648.454
0.0468125 1.25e-05 0 0 0 0 0 0 1600 3943.85 2857.77 12 639.951
0.0468625 1.25e-05 0 0 0 0 0 0 1600 3947.12 2857.02 12 649.948
0.0469125 1.25e-05 0 0 0 0 0 0 1600 3950.54 2856.17 12 598.858
0.0469625 1.25e-05 0 0 0 0 0 0 1600 3953.77 2855.45 12 645.718
0.0470125 1.25e-05 0 0 0 0 0 0 1600 3957.09 2854.68 12 617.937
0.0470625 1.25e-05 0 0 0 0 0 0 1600 3960.65 2853.73 12 580.473
0.0471125 1.25e-05 0 0 0 0 0 0 1600 3963.65 2853.18 12 655.514
0.0471625 1.25e-05 0 0 0 0 0 0 1600 3966.84 2852.5 12 652.551
0.0472125 1.25e-05 0 0 0 0 0 0 1600 3970.27 2851.65 12 600.55
0.0472625 1.25e-05 0 0 0 0 0 0 1600 3973.55 2850.9 12 621.682
0.0473125 1.25e-05 0 0 0 0 0 0 1600 3976.94 2850.08 12 614.99
0.0473625 1.25e-05 0 0 0 0 0 0 1600 3979.97 2849.52 12 641.267
0.0474125 1.25e-05 0 0 0 0 0 0 1600 3983.17 2848.84 12 655.682
0.0474625 1.25e-05 0 0 0 0 0 0 1600 3986.54 2848.04 12 640.39
0.0475125 1.25e-05 0 0 0 0 0 0 1600 3989.91 2847.23 12 610.665
0.0475625 1.25e-05 0 0 0 0 0 0 1600 3993.15 2846.53 12 629.614
0.0476125 1.25e-05 0 0 0 0 0 0 1600 3996.43 2845.79 12 634.626
0.0476625 1.25e-05 0 0 0 0 0 0 1600 3999.95 2844.89 12 552.734
0.0477125 1.25e-05 0 0 0 0 0 0 1600 4003.33 2844.08 12 618.074
0.0477625 1.25e-05 0 0 0 0 0 0 1600 4006.24 2843.61 12 674.482
0.0478125 1.25e-05 0 0 0 0 0 0 1600 4009.99 2842.56 12 538.344
0.0478625 1.25e-05 0 0 0 0 0 0 1600 4013.06 2841.98 12 666.203
0.0479125 1.25e-05 0 0 0 0 0 0 1600 4016.32 2841.26 12 627.512
0.0479625 1.25e-05 0 0 0 0 0 0 1600 4020.16 2840.14 12 524.422
0.0480125 1.25e-05 0 0 0 0 0 0 1600 4023.24 2839.55 12 669.047
0.0480625 1.25e-05 0 0 0 0 0 0 1600 4026.5 2838.85 12 649.242
0.0481125 1.25e-05 0 0 0 0 0 0 1600 4030.42 2837.67 12 500.057
0.0481625 1.25e-05 0 0 0 0 0 0 1600 4033.38 2837.18 12 662.32
0.0482125 1.25e-05 0 0 0 0 0 0 1600 4036.6 2836.5 12 650.812
0.0482625 1.25e-05 0 0 0 0 0 0 1600 4040.16 2835.58 12 558.877
0.0483125 1.25e-05 0 0 0 0 0 0 1600 4043.39 2834.9 12 666.445
0.0483625 1.25e-05 0 0 0 0 0 0 1600 4046.72 2834.15 12 632.043
0.0484125 1.25e-05 0 0 0 0 0 0 1600 4050.24 2833.27 12 576.234
0.0484625 1.25e-05 0 0 0 0 0 0 1600 4053.71 2832.42 12 603.696
0.0485125 1.25e-05 0 0 0 0 0 0 1600 4056.9 2831.77 12 644.449
0.0485625 1.25e-05 0 0 0 0 0 0 1600 4060.69 2830.7 12 521.511
0.0486125 1.25e-05 0 0 0 0 0 0 1600 4063.84 2830.09 12 653.843
0.0486625 1.25e-05 0 0 0 0 0 0 1600 4067.04 2829.43 12 647.597
0.0487125 1.25e-05 0 0 0 0 0 0 1600 4070.13 2828.85 12 663.587
0.0487375 1.25e-05 0 0 0 0 0 0 1600 4071.36 2828.78 12 3915.65
0.0487625 1.25e-05 0 0 0 0 0 0 1600 4074 2827.74 12 647.906
0.0488125 1.25e-05 0 0 0 0 0 0 1600 4077.34 2826.99 12 618.899
0.0488625 1.25e-05 0 0 0 0 0 0 1600 4081.12 2825.94 12 522.128
0.0489125 1.25e-05 0 0 0 0 0 0 1600 4084.23 2825.36 12 671.255
0.0489625 1.25e-05 0 0 0 0 0 0 1600 4087.45 2824.7 12 656.88
0.0490125 1.25e-05 0 0 0 0 0 0 1600 4091.23 2823.65 12 522.034
0.0490625 1.25e-05 0 0 0 0 0 0 1600 4094.31 2823.09 12 671.107
0.0491125 1.25e-05 0 0 0 0 0 0 1600 4097.52 2822.44 12 649.085
0.0491625 1.25e-05 0 0 0 0 0 0 1600 4101.3 2821.4 12 527.501
0.0492125 1.25e-05 0 0 0 0 0 0 1600 4104.41 2820.82 12 665.551
0.0492625 1.25e-05 0 0 0 0 0 0 1600 4107.64 2820.16 12 634.231
0.0493125 1.25e-05 0 0 0 0 0 0 1600 4111.41 2819.13 12 533.473
0.0493625 1.25e-05 0 0 0 0 0 0 1600 4114.79 2818.37 12 598.133
0.0494125 1.25e-05 0 0 0 0 0 0 1600 4117.99 2817.74 12 651.091
0.0494625 1.25e-05 0 0 0 0 0 0 1600 4121.6 2816.82 12 558.765
0.0495125 1.25e-05 0 0 0 0 0 0 1600 4124.83 2816.17 12 644.951
0.0495625 1.25e-05 0 0 0 0 0 0 1600 4128.01 2815.54 12 660.088
0.0496125 1.25e-05 0 0 0 0 0 0 1600 4131.94 2814.42 12 500.656
0.0496625 1.25e-05 0 0 0 0 0 0 1600 4135.03 2813.87 12 652.713
0.0497125 1.25e-05 0 0 0 0 0 0 1600 4138.19 2813.26 12 639.807
0.0497625 1.25e-05 0 0 0 0 0 0 1600 4141.83 2812.33 12 553.903
0.0498125 1.25e-05 0 0 0 0 0 0 1600 4145.01 2811.72 12 661.053
0.0498625 1.25e-05 0 0 0 0 0 0 1600 4148.28 2811.05 12 629.622
0.0499125 1.25e-05 0 0 0 0 0 0 1600 4151.91 2810.13 12 539.265
0.0499625 1.25e-05 0 0 0 0 0 0 1600 4155.08 2809.53 12 670.426
