0.00727539 0.00932617 2.06038
0.00737305 0.00922852 0.720978
0.00737305 0.00932617 0.888503
0.00751953 0.00888672 -0.922868
0.0074707 0.0090332 -0.128916
0.0074707 0.00913086 -0.100216
0.00756836 0.0090332 0.449731
0.00756836 0.00913086 0.0552544
0.0074707 0.00922852 0.14661
0.0074707 0.00932617 0.333501
0.00756836 0.00922852 -0.123907
0.00756836 0.00932617 -0.0418125
0.00766602 0.0090332 -0.77426
0.00776367 0.0090332 -0.119321
0.00776367 0.00913086 -0.0358634
0.00776367 0.00922852 -0.1995
0.00776367 0.00932617 -0.327778
0.00678711 0.00942383 -0.282754
0.00688477 0.00942383 -0.69221
0.00688477 0.00952148 -0.836228
0.00698242 0.00942383 -2.6912
0.00698242 0.00952148 -2.23616
0.00688477 0.00961914 -0.994052
0.00688477 0.0097168 -0.372908
0.00698242 0.00961914 -1.29533
0.00698242 0.0097168 -0.726875
0.00698242 0.00981445 -0.760763
0.00698242 0.00991211 -0.995176
0.00698242 0.0100098 -0.453872
0.00708008 0.00942383 -1.52479
0.00708008 0.00952148 -1.94633
0.00717773 0.00942383 -0.690113
0.00717773 0.00952148 -0.887282
0.00708008 0.00961914 -2.3907
0.00708008 0.0097168 -2.69673
0.00717773 0.00961914 -1.12738
0.00717773 0.0097168 -1.44368
0.00727539 0.00942383 0.242575
0.00727539 0.00952148 -0.177161
0.00737305 0.00942383 1.21011
0.00737305 0.00952148 2.22957
0.00727539 0.00961914 -0.427013
0.00727539 0.0097168 -0.635955
0.00737305 0.00961914 3.46184
0.00737305 0.0097168 0.401384
0.00708008 0.00981445 -2.38003
0.00708008 0.00991211 -1.47197
0.00717773 0.00981445 -1.87505
0.00717773 0.00991211 -2.31861
0.00708008 0.0100098 -0.791537
0.00708008 0.0101074 -0.74715
0.00717773 0.0100098 -2.68659
0.00717773 0.0101074 -2.51685
0.00727539 0.00981445 -0.838398
0.00727539 0.00991211 -1.06304
0.00737305 0.00981445 -0.121323
0.00737305 0.00991211 -0.386654
0.00727539 0.0100098 -1.38063
0.00727539 0.0101074 -1.7546
0.00737305 0.0100098 -0.613576
0.00737305 0.0101074 -0.811333
0.0074707 0.00942383 0.483863
0.0074707 0.00952148 0.624687
0.00756836 0.00942383 0.0930023
0.00756836 0.00952148 0.225154
0.0074707 0.00961914 0.797738
0.0074707 0.0097168 1.08479
0.00756836 0.00961914 0.350807
0.00756836 0.0097168 0.471967
0.00766602 0.00952148 -0.390931
0.00776367 0.00942383 -0.515045
0.00766602 0.00961914 -0.103334
0.00766602 0.0097168 0.0784726
0.0074707 0.00981445 1.83647
0.0074707 0.00991211 5.73104
0.00756836 0.00981445 0.597072
0.00756836 0.00991211 0.753236
0.0074707 0.0100098 0.596725
0.0074707 0.0101074 -0.0494917
0.00756836 0.0100098 1.00693
0.00756836 0.0101074 1.59285
0.00766602 0.00981445 0.214129
0.00766602 0.00991211 0.333543
0.00776367 0.00981445 -0.344085
0.00776367 0.00991211 0.0106704
0.00766602 0.0100098 0.448933
0.00766602 0.0101074 0.567137
0.00776367 0.0100098 0.260276
0.00776367 0.0101074 0.343091
0.00708008 0.0102051 -1.00873
0.00708008 0.0103027 -0.59118
0.00717773 0.0102051 -1.73427
0.00717773 0.0103027 -0.895384
0.00708008 0.0104004 -0.288119
0.00717773 0.0104004 -0.718048
0.00717773 0.010498 -0.966002
0.00727539 0.0102051 -2.19343
0.00727539 0.0103027 -2.61001
0.00737305 0.0102051 -1.0205
0.00737305 0.0103027 -1.30316
0.00727539 0.0104004 -2.58045
0.00727539 0.010498 -1.88089
0.00737305 0.0104004 -1.68482
0.00737305 0.010498 -2.10464
0.00717773 0.0105957 -0.754664
0.00717773 0.0106934 -0.30434
0.00727539 0.0105957 -1.01189
0.00727539 0.0106934 -0.721319
0.00737305 0.0105957 -2.53322
0.00737305 0.0106934 -2.63807
0.00727539 0.010791 -0.919799
0.00727539 0.0108887 -0.901655
0.00737305 0.010791 -2.08419
0.00737305 0.0108887 -1.17427
0.0074707 0.0102051 -0.336395
0.0074707 0.0103027 -0.561883
0.00756836 0.0102051 5.61336
0.00756836 0.0103027 0.833732
0.0074707 0.0104004 -0.76058
0.0074707 0.010498 -0.969576
0.00756836 0.0104004 0.0156824
0.00756836 0.010498 -0.297656
0.00766602 0.0102051 0.710351
0.00766602 0.0103027 0.931311
0.00776367 0.0102051 0.440421
0.00776367 0.0103027 0.518867
0.00766602 0.0104004 1.39844
0.00766602 0.010498 3.80204
0.00776367 0.0104004 0.609541
0.00776367 0.010498 0.728969
0.0074707 0.0105957 -1.23996
0.0074707 0.0106934 -1.6011
0.00756836 0.0105957 -0.531793
0.00756836 0.0106934 -0.731879
0.0074707 0.010791 -2.00704
0.0074707 0.0108887 -2.43245
0.00756836 0.010791 -0.933272
0.00756836 0.0108887 -1.17777
0.00766602 0.0105957 1.20584
0.00766602 0.0106934 0.102868
0.00776367 0.0105957 0.921357
0.00776367 0.0106934 1.31673
0.00766602 0.010791 -0.246309
0.00766602 0.0108887 -0.48354
0.00776367 0.010791 2.91221
0.00776367 0.0108887 1.77992
0.00727539 0.0109863 -0.317319
0.00737305 0.0109863 -0.741528
0.00737305 0.011084 -0.862399
0.00737305 0.0111816 -1.00865
0.00737305 0.0112793 -0.368175
0.0074707 0.0109863 -2.64932
0.0074707 0.011084 -2.24198
0.00756836 0.0109863 -1.52544
0.00756836 0.011084 -1.92821
0.0074707 0.0111816 -1.34589
0.0074707 0.0112793 -0.76814
0.00756836 0.0111816 -2.40146
0.00756836 0.0112793 -2.6771
0.00766602 0.0109863 -0.689837
0.00766602 0.011084 -0.890496
0.00776367 0.0109863 0.200087
0.00776367 0.011084 -0.203255
0.00766602 0.0111816 -1.12646
0.00766602 0.0112793 -1.45247
0.00776367 0.0111816 -0.451799
0.00776367 0.0112793 -0.661964
0.0074707 0.011377 -0.822745
0.0074707 0.0114746 -1.0436
0.00756836 0.011377 -2.3805
0.00756836 0.0114746 -1.50957
0.0074707 0.0115723 -0.447419
0.00756836 0.0115723 -0.818531
0.00756836 0.0116699 -0.780265
0.00766602 0.011377 -1.84828
0.00766602 0.0114746 -2.30391
0.00776367 0.011377 -0.861371
0.00776367 0.0114746 -1.0744
0.00766602 0.0115723 -2.63417
0.00766602 0.0116699 -2.42942
0.00776367 0.0115723 -1.39954
0.00776367 0.0116699 -1.77535
0.00756836 0.0117676 -1.02205
0.00756836 0.0118652 -0.576774
0.00766602 0.0117676 -1.6614
0.00766602 0.0118652 -0.894938
0.00776367 0.0117676 -2.21061
0.00776367 0.0118652 -2.5923
0.00766602 0.0119629 -0.766241
0.00766602 0.0120605 -1.00931
0.00776367 0.0119629 -2.53701
0.00776367 0.0120605 -1.84494
0.00766602 0.0121582 -0.710109
0.00766602 0.0122559 -0.332991
0.00776367 0.0121582 -0.982542
0.00776367 0.0122559 -0.746134
0.00776367 0.0123535 -0.95381
0.00776367 0.0124512 -0.821417
0.00791016 0.0100586 -1.45669
0.00786133 0.0102051 -0.340434
0.00786133 0.0103027 -0.295541
0.00786133 0.0104004 0.0213492
0.00786133 0.010498 0.234179
0.00795898 0.0104004 -0.424427
0.00795898 0.010498 -0.250488
0.00805664 0.0102051 -0.531454
0.00805664 0.0103027 -0.684962
0.0081543 0.0102051 -0.0953095
0.0081543 0.0103027 -0.0258794
0.0081543 0.0104004 -0.146101
0.0081543 0.010498 -0.224284
0.00786133 0.0105957 0.3937
0.00786133 0.0106934 0.526201
0.00795898 0.0105957 -0.0462781
0.00795898 0.0106934 0.121472
0.00786133 0.010791 0.662464
0.00786133 0.0108887 0.84964
0.00795898 0.010791 0.261199
0.00795898 0.0108887 0.388725
0.0081543 0.0105957 -0.354807
0.0081543 0.0106934 -0.520036
0.00805664 0.010791 -0.373309
0.00805664 0.0108887 -0.0671608
0.00830078 0.0106445 -0.278097
0.00786133 0.0109863 1.195
0.00786133 0.011084 2.32963
0.00795898 0.0109863 0.507785
0.00795898 0.011084 0.635053
0.00786133 0.0111816 2.69887
0.00786133 0.0112793 0.318578
0.00795898 0.0111816 0.807089
0.00795898 0.0112793 1.10967
0.00805664 0.0109863 0.11437
0.00805664 0.011084 0.251084
0.0081543 0.011084 -0.360637
0.00805664 0.0111816 0.371854
0.00805664 0.0112793 0.486566
0.0081543 0.0111816 0.103031
0.0081543 0.0112793 0.243044
0.00786133 0.011377 -0.152352
0.00786133 0.0114746 -0.402083
0.00795898 0.011377 1.96417
0.00795898 0.0114746 4.26161
0.00786133 0.0115723 -0.617648
0.00786133 0.0116699 -0.819632
0.00795898 0.0115723 0.455064
0.00795898 0.0116699 -0.102652
0.00805664 0.011377 0.607262
0.00805664 0.0114746 0.764413
0.0081543 0.011377 0.358554
0.0081543 0.0114746 0.439179
0.00805664 0.0115723 1.03067
0.00805664 0.0116699 1.69536
0.0081543 0.0115723 0.526998
0.0081543 0.0116699 0.628834
0.00825195 0.011377 -0.820067
0.00825195 0.0114746 -0.603452
0.00825195 0.0115723 -0.126493
0.00825195 0.0116699 0.139938
0.00834961 0.0116699 -0.727938
0.00844727 0.011377 -0.410418
0.00844727 0.0114746 -0.471369
0.00854492 0.0114746 -0.0698799
0.00844727 0.0115723 -0.518673
0.00854492 0.0115723 -0.167025
0.00854492 0.0116699 -0.214133
0.00786133 0.0117676 -1.02954
0.00786133 0.0118652 -1.33884
0.00795898 0.0117676 -0.370839
0.00795898 0.0118652 -0.593592
0.00786133 0.0119629 -1.70228
0.00786133 0.0120605 -2.13626
0.00795898 0.0119629 -0.793239
0.00795898 0.0120605 -0.987147
0.00805664 0.0117676 5.99523
0.00805664 0.0118652 0.640394
0.0081543 0.0117676 0.767947
0.0081543 0.0118652 1.00577
0.00805664 0.0119629 -0.0389598
0.00805664 0.0120605 -0.319205
0.0081543 0.0119629 1.55624
0.0081543 0.0120605 5.16078
0.00786133 0.0121582 -2.53811
0.00786133 0.0122559 -2.57482
0.00795898 0.0121582 -1.2816
0.00795898 0.0122559 -1.63308
0.00786133 0.0123535 -1.97926
0.00786133 0.0124512 -1.08706
0.00795898 0.0123535 -2.07438
0.00795898 0.0124512 -2.49153
0.00805664 0.0121582 -0.547489
0.00805664 0.0122559 -0.745529
0.0081543 0.0121582 0.892366
0.0081543 0.0122559 0.0305012
0.00805664 0.0123535 -0.9477
0.00805664 0.0124512 -1.2083
0.0081543 0.0123535 -0.289029
0.0081543 0.0124512 -0.52082
0.00825195 0.0117676 0.313603
0.00825195 0.0118652 0.449753
0.00834961 0.0117676 -0.261107
0.00834961 0.0118652 0.000620121
0.00825195 0.0119629 0.574376
0.00825195 0.0120605 0.71787
0.00834961 0.0119629 0.175605
0.00834961 0.0120605 0.31293
0.00854492 0.0117676 -0.316874
0.00854492 0.0118652 -0.420524
0.00844727 0.0120605 -0.318738
0.00854492 0.0119629 -0.601849
0.00825195 0.0121582 0.937873
0.00825195 0.0122559 1.40133
0.00834961 0.0121582 0.435894
0.00834961 0.0122559 0.553828
0.00825195 0.0123535 3.71909
0.00825195 0.0124512 1.25497
0.00834961 0.0123535 0.689539
0.00834961 0.0124512 0.889554
0.00844727 0.0121582 -0.0119264
0.00844727 0.0122559 0.164799
0.00844727 0.0123535 0.297803
0.00844727 0.0124512 0.418042
0.00854492 0.0123535 -0.240865
0.00854492 0.0124512 0.0988413
0.00869141 0.0120117 -0.310958
2 1.82254
0.00561523 0.00375977 0.517258
0.00561523 0.00385742 0.698722
0.00571289 0.00366211 -1.54978
0.00581055 0.00356445 -0.967136
0.00581055 0.00366211 -1.31224
0.00571289 0.00375977 -0.23156
0.00571289 0.00385742 0.183827
0.00551758 0.00395508 6.3242
0.00551758 0.00405273 0.82898
0.00561523 0.00395508 0.923624
0.00561523 0.00405273 1.29309
0.00551758 0.00415039 -0.0580414
0.00551758 0.00424805 -0.45202
0.00561523 0.00415039 2.32881
0.00561523 0.00424805 4.21663
0.00571289 0.00395508 0.399657
0.00571289 0.00405273 0.566415
0.00581055 0.00395508 -0.510983
0.00581055 0.00405273 0.166142
0.00571289 0.00415039 0.741125
0.00571289 0.00424805 0.98101
0.00581055 0.00415039 0.520091
0.00581055 0.00424805 0.620247
0.00551758 0.0043457 -0.787609
0.00551758 0.00444336 -1.05736
0.00561523 0.0043457 0.388194
0.00561523 0.00444336 -0.190327
0.00551758 0.00454102 -1.44828
0.00551758 0.00463867 -1.99687
0.00561523 0.00454102 -0.547228
0.00561523 0.00463867 -0.845372
0.00571289 0.0043457 1.40989
0.00571289 0.00444336 3.04317
0.00581055 0.0043457 0.749711
0.00581055 0.00444336 0.891608
0.00571289 0.00454102 2.07837
0.00571289 0.00463867 0.18236
0.00581055 0.00454102 1.13361
0.00581055 0.00463867 1.65203
0.00595703 0.00419922 -1.09766
0.0059082 0.0043457 -0.00641478
0.0059082 0.00444336 0.100579
0.00600586 0.0043457 0.160674
0.00600586 0.00444336 -0.0673294
0.0059082 0.00454102 0.377401
0.0059082 0.00463867 0.594787
0.00600586 0.00454102 -0.0513392
0.00600586 0.00463867 0.134854
0.00620117 0.00444336 -0.228789
0.00610352 0.00463867 -1.33002
0.00620117 0.00454102 -0.5587
0.00620117 0.00463867 -0.892765
0.00532227 0.00473633 -1.03707
0.00532227 0.00483398 -0.577745
0.00541992 0.00473633 -1.42441
0.00541992 0.00483398 -0.496929
0.00541992 0.00493164 -0.552771
0.00541992 0.0050293 -1.02374
0.00541992 0.00512695 -0.514005
0.00551758 0.00473633 -2.62111
0.00551758 0.00483398 -3.0242
0.00561523 0.00473633 -1.10718
0.00561523 0.00483398 -1.50459
0.00551758 0.00493164 -2.50835
0.00551758 0.0050293 -1.23163
0.00561523 0.00493164 -2.08943
0.00561523 0.0050293 -2.68769
0.00571289 0.00473633 -0.269133
0.00571289 0.00483398 -0.588826
0.00581055 0.00473633 4.43138
0.00581055 0.00483398 1.31649
0.00571289 0.00493164 -0.872622
0.00571289 0.0050293 -1.12593
0.00581055 0.00493164 0.0679909
0.00581055 0.0050293 -0.31891
0.00551758 0.00512695 -0.497403
0.00551758 0.00522461 -0.631338
0.00561523 0.00512695 -3.01547
0.00561523 0.00522461 -2.406
0.00551758 0.00532227 -1.03059
0.00551758 0.00541992 -0.545163
0.00561523 0.00532227 -1.15525
0.00561523 0.00541992 -0.502671
0.00571289 0.00512695 -1.54239
0.00571289 0.00522461 -2.10244
0.00581055 0.00512695 -0.630347
0.00581055 0.00522461 -0.89388
0.00571289 0.00532227 -2.66756
0.00571289 0.00541992 -2.89769
0.00581055 0.00532227 -1.16037
0.00581055 0.00541992 -1.56023
0.0059082 0.00473633 0.810547
0.0059082 0.00483398 1.10774
0.00600586 0.00473633 0.311621
0.00600586 0.00483398 0.469044
0.0059082 0.00493164 1.73469
0.0059082 0.0050293 5.8761
0.00600586 0.00493164 0.633193
0.00600586 0.0050293 0.828466
0.00610352 0.00473633 -0.434002
0.00610352 0.00483398 -0.0488356
0.00610352 0.00493164 0.181268
0.00610352 0.0050293 0.342802
0.00620117 0.0050293 -0.212595
0.0059082 0.00512695 0.95475
0.0059082 0.00522461 0.0117374
0.00600586 0.00512695 1.12518
0.00600586 0.00522461 1.81942
0.0059082 0.00532227 -0.344497
0.0059082 0.00541992 -0.637862
0.00600586 0.00532227 6.63738
0.00600586 0.00541992 0.781067
0.00610352 0.00512695 0.483376
0.00610352 0.00522461 0.638699
0.00620117 0.00512695 0.261326
0.00620117 0.00522461 0.391004
0.00610352 0.00532227 0.825309
0.00610352 0.00541992 1.11517
0.00620117 0.00532227 0.586888
0.00620117 0.00541992 0.655315
0.00561523 0.00551758 -0.680157
0.00561523 0.00561523 -1.0055
0.00561523 0.00571289 -0.527443
0.00571289 0.00551758 -2.32048
0.00571289 0.00561523 -1.14179
0.00581055 0.00551758 -2.08828
0.00581055 0.00561523 -2.63876
0.00571289 0.00571289 -0.530838
0.00571289 0.00581055 -0.691185
0.00581055 0.00571289 -2.90068
0.00581055 0.00581055 -2.33646
0.00571289 0.0059082 -1.00035
0.00571289 0.00600586 -0.505283
0.00581055 0.0059082 -1.16308
0.00581055 0.00600586 -0.5441
0.00581055 0.00610352 -0.675796
0.00581055 0.00620117 -0.967542
0.0059082 0.00551758 -0.893513
0.0059082 0.00561523 -1.15969
0.00600586 0.00551758 -0.0347683
0.00600586 0.00561523 -0.371181
0.0059082 0.00571289 -1.55243
0.0059082 0.00581055 -2.06916
0.00600586 0.00571289 -0.651996
0.00600586 0.00581055 -0.892807
0.00610352 0.00551758 1.82542
0.00610352 0.00561523 6.70714
0.00620117 0.00551758 0.78456
0.00620117 0.00561523 0.941156
0.00610352 0.00571289 0.703951
0.00610352 0.00581055 -0.0448357
0.00620117 0.00571289 1.22087
0.00620117 0.00581055 1.97306
0.0059082 0.0059082 -2.59491
0.0059082 0.00600586 -2.85412
0.00600586 0.0059082 -1.15277
0.00600586 0.00600586 -1.52405
0.0059082 0.00610352 -2.33916
0.0059082 0.00620117 -1.2086
0.00600586 0.00610352 -2.03509
0.00600586 0.00620117 -2.5518
0.00610352 0.0059082 -0.366093
0.00610352 0.00600586 -0.631276
0.00620117 0.0059082 6.60479
0.00620117 0.00600586 0.717034
0.00610352 0.00610352 -0.875179
0.00610352 0.00620117 -1.11363
0.00620117 0.00610352 -0.0443011
0.00620117 0.00620117 -0.362666
0155273 0.022168 0.0628856
0.0152832 0.0223145 0.0344447
0.0152832 0.0224121 0.0244051
0.0153809 0.0223145 0.0346785
0.0153809 0.0224121 0.0155519
0.0152832 0.0225098 -0.0233434
0.0152832 0.0226074 0.0493945
0.0153809 0.0225098 -0.0408847
0.0153809 0.0226074 0.0158204
0.0155273 0.0223633 0.0194034
0.0155273 0.0225586 -0.0805205
0.0148926 0.0227051 0.0418295
0.0148926 0.0228027 -0.0213764
0.0149902 0.0227051 0.0381604
0.0149902 0.0228027 -0.0264273
0.0148926 0.0229004 -0.095487
0.0148926 0.022998 0.0734481
0.0149902 0.0229004 -0.104785
0.0149902 0.022998 -0.0885499
0.0150879 0.0227051 0.000227076
0.0150879 0.0228027 -0.0258038
0.0151855 0.0227051 -0.0200785
0.0151855 0.0228027 -0.046365
0.0150879 0.0229004 -0.0705218
0.0150879 0.022998 -0.118018
0.0151855 0.0229004 -0.0933182
0.0151855 0.022998 -0.139624
0.0149414 0.0231445 -0.203464
0.0148926 0.023291 -0.312762
0.0148926 0.0233887 -0.119695
0.0149902 0.023291 -0.122488
0.0149902 0.0233887 -0.189911
0.0150879 0.0230957 -0.138573
0.0150879 0.0231934 -0.179441
0.0151855 0.0230957 -0.174755
0.0151855 0.0231934 -0.189913
0.0150879 0.023291 -0.169925
0.0150879 0.0233887 -0.172402
0.0151855 0.023291 -0.180098
0.0151855 0.0233887 -0.146091
0.015332 0.0227539 -0.142665
0.0152832 0.0229004 -0.182434
0.0152832 0.022998 -0.155009
0.0153809 0.0229004 -0.146604
0.0153809 0.022998 -0.157105
0.0154785 0.0227051 -0.171985
0.0154785 0.0228027 -0.133947
0.0155762 0.0227051 -0.214696
0.0155762 0.0228027 -0.163194
0.0154785 0.0229004 -0.137496
0.0154785 0.022998 -0.201767
0.0155762 0.0229004 -0.16135
0.0155762 0.022998 -0.194725
0.0152832 0.0230957 -0.0994433
0.0152832 0.0231934 -0.130759
0.0153809 0.0230957 -0.178745
0.0153809 0.0231934 -0.162144
0.0152832 0.023291 -0.142661
0.0152832 0.0233887 -0.107835
0.0153809 0.023291 -0.128665
0.0153809 0.0233887 -0.0789364
0.0155273 0.0231445 -0.147305
0.0154785 0.023291 0.0511
0.0154785 0.0233887 -0.0352891
0.0155762 0.023291 0.286146
0.0155762 0.0233887 -0.0423443
0.0141113 0.0234863 -0.10882
0.0141113 0.023584 -0.147213
0.014209 0.0234863 -0.129429
0.014209 0.023584 -0.173363
0.0141113 0.0236816 -0.163573
0.0141113 0.0237793 -0.190019
0.014209 0.0236816 -0.196561
0.014209 0.0237793 -0.222995
0.0143066 0.0234863 -0.134635
0.0143066 0.023584 -0.178577
0.0144043 0.0234863 -0.15502
0.0144043 0.023584 -0.200644
0.0143066 0.0236816 -0.216758
0.0143066 0.0237793 -0.247199
0.0144043 0.0236816 -0.242395
0.0144043 0.0237793 -0.282979
0.0141113 0.023877 -0.237259
0.0141113 0.0239746 -0.281506
0.014209 0.023877 -0.259526
0.014209 0.0239746 -0.277037
0.0141113 0.0240723 -0.290108
0.0141113 0.0241699 -0.267521
0.014209 0.0240723 -0.261795
0.014209 0.0241699 -0.223253
0.0143066 0.023877 -0.265593
0.0143066 0.0239746 -0.252739
0.0144043 0.023877 -0.262883
0.0144043 0.0239746 -0.221258
0.0143066 0.0240723 -0.225022
0.0143066 0.0241699 -0.192456
0.0144043 0.0240723 -0.174275
0.0144043 0.0241699 -0.328686
0.014502 0.0234863 -0.113791
0.014502 0.023584 -0.223965
0.0145996 0.0234863 -0.143103
0.0145996 0.023584 -0.354759
0.0145508 0.0237305 -0.153407
0.0146973 0.0234863 -0.191894
0.0146973 0.023584 -0.225239
0.0147949 0.0234863 -0.220376
0.0147949 0.023584 -0.213262
0.0146973 0.0236816 -0.197373
0.0146973 0.0237793 -0.181853
0.0147949 0.0236816 -0.18317
0.0147949 0.0237793 -0.138721
0.014502 0.023877 -0.255761
0.014502 0.0239746 -0.181668
0.0145996 0.023877 -0.261654
0.0145996 0.0239746 -0.174579
0.014502 0.0240723 -0.167857
0.014502 0.0241699 -0.887743
0.0145996 0.0240723 -0.41053
0.0145996 0.0241699 -1.91152
0.0146973 0.023877 -0.137793
0.0146973 0.0239746 -0.181855
0.0147949 0.023877 -0.114733
0.0147949 0.0239746 -0.514882
0.0146973 0.0240723 -1.05876
0.0146973 0.0241699 -3.22013
0.0147949 0.0240723 -2.08994
0.0147949 0.0241699 -6.21711
0.0141113 0.0242676 -0.226158
0.0141113 0.0243652 -0.477469
0.014209 0.0242676 -0.266613
0.014209 0.0243652 -1.32167
0.0141113 0.0244629 -2.19858
0.0141113 0.0245605 -6.65534
0.014209 0.0244629 -3.84913
0.0143066 0.0242676 -0.672138
0.0143066 0.0243652 -2.63872
0.0144043 0.0242676 -1.66579
0.0144043 0.0243652 -5.09705
0.0143066 0.0244629 -6.63384
0.014502 0.0242676 -2.96966
0.014502 0.0243652 -6.44219
0.0145996 0.0242676 -6.34602
0.0148926 0.0234863 -0.12257
0.0148926 0.023584 -0.175641
0.0149902 0.0234863 -0.233859
0.0149902 0.023584 -0.193691
0.0148926 0.0236816 -0.14912
0.0148926 0.0237793 -0.094748
0.0149902 0.0236816 -0.123309
0.0149902 0.0237793 -0.110153
0.0150879 0.0234863 -0.158216
0.0150879 0.023584 -0.116148
0.0151855 0.0234863 -0.104878
0.0151855 0.023584 -0.0575408
0.0150879 0.0236816 -0.0724778
0.0150879 0.0237793 -0.257464
0.0151855 0.0236816 -0.0955436
0.0151855 0.0237793 -0.656071
0.0148926 0.023877 -0.223778
0.0148926 0.0239746 -1.20944
0.0149902 0.023877 -0.609153
0.0149902 0.0239746 -2.17675
0.0148926 0.0240723 -4.76354
0.0149902 0.0240723 -6.05633
0.0150879 0.023877 -1.29542
0.0150879 0.0239746 -3.81277
0.0151855 0.023877 -2.16795
0.0152832 0.0234863 -0.0586996
0.0152832 0.023584 -0.0357332
0.0153809 0.0234863 -0.027134
0.0153809 0.023584 -0.0914951
0.0152832 0.0236816 -0.278522
0.0152832 0.0237793 -1.16042
0.0153809 0.0236816 -0.667076
0.0153809 0.0237793 -1.91098
0.0154785 0.0234863 -0.0153619
0.0154785 0.023584 -0.272711
0.0155762 0.0234863 -0.0472069
0.0155762 0.023584 -0.54688
0.0154785 0.0236816 -1.23622
0.0154785 0.0237793 -3.88146
0.0155762 0.0236816 -2.00466
0.0152832 0.023877 -20.6397
0.0162109 0.0193359 -0.567151
0.0158203 0.0197266 -0.448668
0.0158203 0.0201172 -0.504975
0.0162109 0.0197266 -0.484685
0.0162109 0.0201172 -0.271317
0.0166016 0.0189453 0.144547
0.0166016 0.0193359 -0.868616
0.0169922 0.0189453 -0.326833
0.0169922 0.0193359 -0.630568
0.0166016 0.0197266 -0.435806
0.0166016 0.0201172 -0.106821
0.0169922 0.0197266 -0.348194
0.0169922 0.0201172 -0.0298802
0.0157227 0.0204102 -0.328517
0.0157227 0.0206055 0.29309
0.015918 0.0204102 -0.227896
0.015918 0.0206055 -0.353883
0.0158203 0.0208984 -0.0546702
0.0162109 0.0205078 -0.171971
0.0162109 0.0208984 0.0577821
0.0157227 0.0211914 -0.0256203
0.0157227 0.0213867 0.015668
0.015918 0.0211914 -0.0184756
0.015918 0.0213867 0.0616614
0.0156738 0.0215332 -0.00291336
0.0156738 0.0216309 0.0288733
0.0157715 0.0215332 -0.00551559
0.0157715 0.0216309 -0.0455902
0.0157227 0.0217773 0.0575251
0.015918 0.021582 0.074838
0.015918 0.0217773 0.0642611
0.0161133 0.0211914 0.0929896
0.0161133 0.0213867 0.065977
0.0163086 0.0211914 0.229613
0.0163086 0.0213867 0.0750788
0.0161133 0.021582 0.0880252
0.0160645 0.0217285 0.0362702
0.0160645 0.0218262 0.0182965
0.0161621 0.0217285 0.0340027
0.0161621 0.0218262 0.115401
0.0163086 0.021582 0.082965
0.0163086 0.0217773 0.039182
0.0165039 0.0204102 -0.0469082
0.0165039 0.0206055 0.0052477
0.0166992 0.0204102 -0.0691643
0.0166992 0.0206055 0.0192834
0.0165039 0.0208008 0.0356824
0.0165039 0.0209961 0.0864017
0.0166992 0.0208008 0.0658601
0.0166992 0.0209961 0.0935882
0.0168945 0.0204102 0.0397605
0.0168945 0.0206055 0.0902718
0.0170898 0.0204102 0.133577
0.0170898 0.0206055 0.103382
0.0168457 0.020752 0.043105
0.0168457 0.0208496 0.0019954
0.0169434 0.020752 0.0380901
0.0169434 0.0208496 -0.0268499
0.0168945 0.0209961 0.0928567
0.0170898 0.0208008 0.035321
0.0170898 0.0209961 0.0963788
0.0165039 0.0211914 0.10204
0.0165039 0.0213867 0.0847907
0.0166992 0.0211914 0.104076
0.0166992 0.0213867 0.0815522
0.0165039 0.021582 0.0384886
0.0165039 0.0217773 -0.0858256
0.0166992 0.021582 -0.0498204
0.0166504 0.0217285 -0.0420041
0.0166504 0.0218262 -0.0220338
0.016748 0.0217285 -0.0209815
0.016748 0.0218262 0.0677711
0.0168945 0.0211914 0.107547
0.0168945 0.0213867 0.0576092
0.0170898 0.0211914 0.170423
0.0170898 0.0213867 0.0494071
0.0168945 0.021582 -0.0298898
0.0168945 0.0217773 -0.284395
0.0170898 0.021582 -0.319168
0.017041 0.0217285 -0.161975
0.017041 0.0218262 -0.133166
0.0171387 0.0217285 -0.152456
0.0171387 0.0218262 -0.0777393
0.0173828 0.0189453 -0.694915
0.0173828 0.0193359 -0.419889
0.0177734 0.0189453 -0.543428
0.0177734 0.0193359 -0.241373
0.0172852 0.0196289 -0.1341
0.0172852 0.0198242 -0.0228396
0.0174805 0.0196289 -0.160666
0.0174805 0.0198242 -0.0735145
0.0172852 0.0200195 -0.02053
0.0172852 0.0202148 0.021133
0.0174805 0.0200195 -0.0313109
0.0174805 0.0202148 0.0250316
0.0176758 0.0196289 -0.0569224
0.0176758 0.0198242 -0.00985359
0.0178711 0.0196289 -0.114267
0.0178711 0.0198242 -0.0299197
0.0176758 0.0200195 0.00061575
0.0176758 0.0202148 0.0641726
0.0178711 0.0200195 0.0220494
0.0178711 0.0202148 0.0733266
0.0181641 0.0189453 -0.275585
0.0181641 0.0193359 -0.0878731
0.0185547 0.0189453 -0.203991
0.0185547 0.0193359 0.000155845
0.0180664 0.0196289 -0.0468488
0.0180664 0.0198242 0.0282178
0.0182617 0.0196289 -0.0484757
0.0182617 0.0198242 0.0340763
0.0180664 0.0200195 0.0903767
0.0180664 0.0202148 0.0858263
0.0182617 0.0200195 0.0955472
0.0182617 0.0202148 0.0961855
0.018457 0.0196289 0.00904844
0.018457 0.0198242 0.0237047
0.0186523 0.0196289 0.0605643
0.0186523 0.0198242 0.076266
0.018457 0.0200195 0.0889354
0.018457 0.0202148 0.133172
0.0186523 0.0200195 0.0614032
0.0186523 0.0202148 0.141798
0.0172852 0.0204102 0.0521711
0.0172852 0.0206055 0.0934953
0.0174805 0.0204102 0.0786956
0.0174805 0.0206055 0.0987466
0.0172852 0.0208008 0.116599
0.0172852 0.0209961 0.117799
0.0174805 0.0208008 0.173677
0.0174805 0.0209961 0.135232
0.0176758 0.0204102 0.117933
0.0176758 0.0206055 0.119575
0.0178711 0.0204102 0.122874
0.0178711 0.0206055 0.132825
0.0176758 0.0208008 0.0919124
0.0176758 0.0209961 0.115443
0.0178711 0.0208008 0.100434
0.0178711 0.0209961 0.0372448
0.0172852 0.0211914 0.0894677
0.0172852 0.0213867 -0.141317
0.0174805 0.0211914 -0.109764
0.0174316 0.0213379 -0.109122
0.0174316 0.0214355 -0.0379356
0.0175293 0.0213379 -0.0883112
0.0175293 0.0214355 0.0110459
0.0172363 0.0215332 -0.109098
0.0172363 0.0216309 -0.0796785
0.017334 0.0215332 -0.0654996
0.017334 0.0216309 0.0273214
0.0172852 0.0217773 -0.187945
0.0174805 0.021582 -0.214701
0.0174805 0.0217773 -0.199025
0.0176758 0.0211914 0.0305572
0.0176758 0.0213867 -0.440871
0.0178711 0.0211914 -0.084538
0.0178711 0.0213867 -0.338027
0.017627 0.0215332 -0.276154
0.017627 0.0216309 -0.138149
0.0177246 0.0215332 -0.274674
0.0177246 0.0216309 -0.164631
0.017627 0.0217285 -0.104296
0.017627 0.0218262 -0.0701247
0.0177246 0.0217285 -0.132957
0.0177246 0.0218262 -0.0914538
0.0178711 0.021582 -0.424223
0.0178711 0.0217773 -0.188388
0.0180664 0.0204102 0.0761814
0.0180664 0.0206055 0.1002
0.0182617 0.0204102 0.0850153
0.0182617 0.0206055 0.0972208
0.0180664 0.0208008 0.110571
0.0180664 0.0209961 0.0360921
0.0182617 0.0208008 0.0898696
0.0182617 0.0209961 -0.00345405
0.018457 0.0204102 0.0862936
0.018457 0.0206055 0.0505045
0.0186523 0.0204102 0.100124
0.0186523 0.0206055 0.0753967
0.018457 0.0208008 0.0377349
0.018457 0.0209961 -0.0494435
0.0186523 0.0208008 -0.0501034
0.0186523 0.0209961 -0.189539
0.0180664 0.0211914 -0.142317
0.0180664 0.0213867 -0.33232
0.0182617 0.0211914 -0.237752
0.0182617 0.0213867 -0.497546
0.0180664 0.021582 -0.507763
0.0180176 0.0217285 -0.26734
0.0180176 0.0218262 -0.220869
0.0181152 0.0217285 -0.22589
0.0181152 0.0218262 -0.120232
0.0182617 0.021582 -0.449362
0.0182617 0.0217773 -0.129323
0.018457 0.0211914 -0.308868
0.018457 0.0213867 -0.564181
0.0186523 0.0211914 -0.379116
0.0186523 0.0213867 -0.565742
0.018457 0.021582 -0.440335
0.018457 0.0217773 -0.0827437
0.0186523 0.021582 -0.417531
0.0186523 0.0217773 -0.0595746
0.0156738 0.0219238 0.0266084
0.0156738 0.0220215 0.0348862
0.0157715 0.0219238 -0.00168886
0.0157715 0.0220215 0.025196
0.0156738 0.0221191 0.0113361
0.0156738 0.0222168 0.0294919
0.0157715 0.0221191 -0.0132778
0.0157715 0.0222168 0.0832935
0.015918 0.0219727 0.0332036
0.015918 0.022168 -0.00635465
0.0157227 0.0223633 -0.0761684
0.0156738 0.0225098 -0.084077
0.0156738 0.0226074 -0.129807
0.0157715 0.0225098 -0.109696
0.0157715 0.0226074 -0.135068
0.015918 0.0223633 -0.181151
0.0158691 0.0225098 -0.111215
0.0158691 0.0226074 -0.167592
0.0159668 0.0225098 -0.128824
0.0159668 0.0226074 -0.205182
0.0161133 0.0219727 -0.0484713
0.0160645 0.0221191 -0.0627177
0.0160645 0.0222168 -0.0580016
0.0161621 0.0221191 -0.103797
0.0161621 0.0222168 -0.0927956
0.0163086 0.0219727 -0.135561
0.0162598 0.0221191 -0.0987958
0.0162598 0.0222168 -0.0863767
0.0163574 0.0221191 -0.0840749
0.0163574 0.0222168 -0.0773562
0.0160645 0.0223145 -0.0543429
0.0160645 0.0224121 -0.0658676
0.0161621 0.0223145 -0.0450215
0.0161621 0.0224121 -0.0811975
0.0161133 0.0225586 -0.120691
0.0163086 0.0223633 -0.109073
0.0162598 0.0225098 -0.0573536
0.0162598 0.0226074 -0.166682
0.0163574 0.0225098 -0.0734114
0.0163574 0.0226074 -0.0654163
0.0156738 0.0227051 -0.1029
0.0156738 0.0228027 -0.157585
0.0157715 0.0227051 -0.128201
0.0157715 0.0228027 -0.190886
0.0157227 0.0229492 -0.0859473
0.015918 0.0227539 -0.0577803
0.0158691 0.0229004 -0.0577038
0.0158691 0.022998 -0.253343
0.0159668 0.0229004 -0.051861
0.0159668 0.022998 -0.0775511
0.0156738 0.0230957 -0.0960917
0.0156738 0.0231934 0.0480069
0.0157715 0.0230957 -0.100088
0.0157715 0.0231934 0.0425389
0.0156738 0.023291 0.0271084
0.0156738 0.0233887 0.121016
0.0157715 0.023291 0.076813
0.0157715 0.0233887 0.287802
0.015918 0.0231445 0.157828
0.0158691 0.023291 0.891012
0.0158691 0.0233887 -1.29124
0.0159668 0.023291 -0.674431
0.0159668 0.0233887 1.85441
0.0160645 0.0227051 -0.0962343
0.0160645 0.0228027 -0.0549092
0.0161621 0.0227051 -0.115932
0.0161621 0.0228027 -0.051842
0.0160645 0.0229004 -0.0113064
0.0160645 0.022998 0.037525
0.0161621 0.0229004 -0.0212431
0.0161621 0.022998 0.128794
0.0163086 0.0227539 0.10465
0.0163086 0.0229492 0.246076
0.0160645 0.0230957 0.0548438
0.0160645 0.0231934 0.103924
0.0161621 0.0230957 0.136972
0.0161621 0.0231934 0.0364592
0.0160645 0.023291 -0.242367
0.0160645 0.0233887 0.138148
0.0161621 0.023291 -0.25253
0.0161621 0.0233887 -0.449193
0.0162598 0.0230957 0.0219909
0.0162598 0.0231934 -0.10931
0.0163574 0.0230957 0.317343
0.0163574 0.0231934 0.176376
0.0162598 0.023291 -0.416808
0.0162598 0.0233887 -1.14274
0.0163574 0.023291 -0.317693
0.0165039 0.0219727 -0.151833
0.0165039 0.022168 -0.161052
0.0166992 0.0219727 -0.169617
0.0166504 0.0221191 -0.0949509
0.0166504 0.0222168 -0.142331
0.016748 0.0221191 -0.106912
0.016748 0.0222168 -0.0861069
0.0164551 0.0223145 -0.109221
0.0164551 0.0224121 -0.0807857
0.0165527 0.0223145 -0.12281
0.0165527 0.0224121 -0.0860743
0.0164551 0.0225098 -0.0504322
0.0164551 0.0226074 -0.00229448
0.0165527 0.0225098 -0.0525567
0.0165527 0.0226074 0.0456767
0.0166992 0.0223633 -0.0115198
0.0166992 0.0225586 0.187061
0.0168457 0.0219238 -0.162966
0.0168457 0.0220215 -0.123079
0.0169434 0.0219238 -0.164866
0.0169434 0.0220215 -0.101763
0.0168945 0.022168 -0.0820671
0.0170898 0.0219727 -0.126289
0.0170898 0.022168 0.0128139
0.0168457 0.0223145 0.0497762
0.0168457 0.0224121 0.0151449
0.0169434 0.0223145 0.0312198
0.0169434 0.0224121 0.0882809
0.0168457 0.0225098 0.0717474
0.0168457 0.0226074 0.149626
0.0169434 0.0225098 0.0885344
0.0169434 0.0226074 0.226177
0.0170898 0.0223633 0.18321
0.0170898 0.0225586 0.264508
0.0164551 0.0227051 0.046191
0.0164551 0.0228027 0.104196
0.0165527 0.0227051 0.0534901
0.0165527 0.0228027 0.18821
0.0164551 0.0229004 0.091911
0.0164551 0.022998 0.222431
0.0165527 0.0229004 0.133906
0.0165527 0.022998 0.468337
0.0166992 0.0227539 0.320475
0.0166992 0.0229492 0.0638308
0.0164551 0.0230957 -0.227166
0.0164551 0.0231934 -0.826152
0.0165527 0.0230957 -1.19923
0.0165527 0.0231934 2.94336
0.0164551 0.023291 0.11055
0.0166504 0.0230957 0.325395
0.0166504 0.0231934 -0.353577
0.016748 0.0230957 -1.64859
0.016748 0.0231934 0.336147
0.0168457 0.0227051 0.174608
0.0168457 0.0228027 0.212821
0.0169434 0.0227051 0.265833
0.0169434 0.0228027 0.244155
0.0168457 0.0229004 0.356044
0.0168457 0.022998 -0.116296
0.0169434 0.0229004 0.165061
0.0169434 0.022998 0.691231
0.017041 0.0227051 0.191089
0.017041 0.0228027 0.23057
0.0171387 0.0227051 0.373569
0.0171387 0.0228027 0.412058
0.017041 0.0229004 0.240077
0.017041 0.022998 0.322163
0.0171387 0.0229004 0.297322
0.0171387 0.022998 0.183972
0.0168945 0.0231445 -0.889524
0.017041 0.0230957 -0.0209044
0.0157227 0.0235352 -1.42339
0.0156738 0.0236816 -8.75371
0.0157715 0.0236816 5.27971
0.0158691 0.0234863 -0.833871
0.0158691 0.023584 -3.47094
0.0159668 0.0234863 -0.111296
