t dt mgp.i mgp.nrelax mgpf.i mgpf.nrelax mgu.i mgu.nrelax grid->tn perf.t perf.speed npe perf.ispeed
0 3.55114e-06 0 0 0 0 0 0 16384 0 0 12 0
3.55114e-06 3.55114e-06 0 0 0 0 0 0 4828 1.79342 2692.07 12 2692.07
4.24844e-06 6.97305e-07 0 0 0 0 0 0 4801 1.96144 4909.16 12 28574.1
4.95166e-06 7.03214e-07 0 0 0 0 0 0 4798 2.26537 6368.48 12 15786.2
5.66291e-06 7.11257e-07 0 0 0 0 0 0 4804 2.66126 7226.28 12 12134.9
6.38345e-06 7.20534e-07 0 0 0 0 0 0 4822 2.92947 8210.69 12 17978
7.11351e-06 7.30064e-07 0 0 0 0 0 0 4828 4.42277 6530.07 12 3233.11
7.85392e-06 7.40408e-07 0 0 0 0 0 0 4840 4.81012 7010.43 12 12495.2
8.60497e-06 7.51057e-07 0 0 0 0 0 0 4846 5.24141 7358.13 12 11236
9.367e-06 7.62025e-07 0 0 0 0 0 0 4864 5.5209 7866.66 12 17403.5
1.01403e-05 7.73328e-07 0 0 0 0 0 0 4876 6.14468 7861.6 12 7816.82
1.25349e-05 8.10727e-07 0 0 0 0 0 0 4924 8.44532 7464.14 12 3627.1
1.33592e-05 8.24261e-07 0 0 0 0 0 0 4954 17.045 3988.92 12 576.069
1.59173e-05 8.67033e-07 0 0 0 0 0 0 4990 18.7281 4428.8 12 6383.26
1.86115e-05 9.1377e-07 0 0 0 0 0 0 5044 20.1396 4865.89 12 9710.46
2.04891e-05 9.47303e-07 0 0 0 0 0 0 5062 21.1479 5112.33 12 10590.7
2.54882e-05 1.03671e-06 0 0 0 0 0 0 5152 22.2546 6008.33 12 29724.8
2.87134e-05 1.09502e-06 0 0 0 0 0 0 5176 23.421 6370.96 12 9110.3
3.32999e-05 1.1789e-06 0 0 0 0 0 0 5212 24.8594 6838.07 12 9725.6
3.82391e-05 1.26881e-06 0 0 0 0 0 0 5224 26.0654 7324.26 12 22390.3
4.21927e-05 1.34335e-06 0 0 0 0 0 0 5230 27.1014 7623 12 15363.6
4.49552e-05 1.39423e-06 0 0 0 0 0 0 5272 28.7767 7545.21 12 5630.14
4.92953e-05 1.47396e-06 0 0 0 0 0 0 5326 30.4512 7653.82 12 6281.22
5.70971e-05 1.62011e-06 0 0 0 0 0 0 5392 31.5919 8228.77 12 23039.1
6.38902e-05 1.74647e-06 0 0 0 0 0 0 5434 32.5928 8641.67 12 31463
7.31336e-05 1.91898e-06 0 0 0 0 0 0 5482 33.8794 9119.33 12 15956.5
8.11802e-05 2.06941e-06 0 0 0 0 0 0 5494 34.9649 9464.07 12 31655.9
8.76224e-05 2.18796e-06 0 0 0 0 0 0 5524 35.9651 9660.3 12 9556.53
9.4416e-05 2.30428e-06 0 0 0 0 0 0 5548 37.8116 9628.26 12 5111.62
9.91453e-05 2.38321e-06 0 0 0 0 0 0 5548 39.0007 9619.22 12 8181.65
0.000109083 2.54548e-06 0 0 0 0 0 0 5590 40.1582 9897.4 12 23547.4
0.000119678 2.70868e-06 0 0 0 0 0 0 5626 41.3611 10153.1 12 18964.7
0.000128037 2.82189e-06 0 0 0 0 0 0 5650 42.4595 10288.7 12 12219.5
0.000133318 2.44136e-06 0 0 0 0 0 0 5764 43.6177 10278.7 12 7955.23
0.000141667 1.98688e-06 0 0 0 0 0 0 5794 44.8834 10504.5 12 18131
0.000147618 1.99155e-06 0 0 0 0 0 0 5842 45.9978 10629.5 12 12516.2
0.000153702 2.04915e-06 0 0 0 0 0 0 5914 47.6039 10642.9 12 7353.11
0.000159967 2.10535e-06 0 0 0 0 0 0 5998 48.7435 10761.1 12 21590.3
0.000166447 2.19935e-06 0 0 0 0 0 0 6034 49.9723 10858.4 12 16955.2
0.000173385 2.38218e-06 0 0 0 0 0 0 6058 51.2286 10945.6 12 11573.1
0.000178381 2.53586e-06 0 0 0 0 0 0 6082 52.6504 10881 12 6257.53
0.000180989 2.60831e-06 0 0 0 0 0 0 6088 54.7327 10578.3 12 2923.66
0.000186432 2.75786e-06 0 0 0 0 0 0 6118 56.0873 10540.7 12 7492.78
0.000189257 2.82489e-06 0 0 0 0 0 0 6118 57.6296 10364.8 12 3966.76
0.000192153 2.89551e-06 0 0 0 0 0 0 6076 58.7252 10274.9 12 5545.79
0.00019816 3.03727e-06 0 0 0 0 0 0 6034 60.706 10138.9 12 4391.24
0.000201268 3.10791e-06 0 0 0 0 0 0 6052 62.2404 9986.21 12 3944.14
0.00020445 3.1822e-06 0 0 0 0 0 0 6115 63.8519 9829.95 12 3794.59
0.000211039 3.32895e-06 0 0 0 0 0 0 6166 64.9269 9856.95 12 20162.4
0.00021444 3.40069e-06 0 0 0 0 0 0 6160 66.2929 9746.76 12 4509.6
0.000217916 3.47593e-06 0 0 0 0 0 0 6160 67.8904 9608.15 12 3856.09
0.000228782 3.69004e-06 0 0 0 0 0 0 6169 69.0855 9710 12 17874.9
0.000240297 3.91599e-06 0 0 0 0 0 0 6190 72.2971 9534.94 12 2679.72
0.000244296 3.99843e-06 0 0 0 0 0 0 6214 74.0806 9389.27 12 3484.18
0.000252556 4.17566e-06 0 0 0 0 0 0 6196 75.4565 9382.59 12 7536.83
0.000265574 4.42425e-06 0 0 0 0 0 0 6226 77.0653 9428.4 12 9771.53
0.00027467 4.5907e-06 0 0 0 0 0 0 6244 78.2933 9439.98 12 15550.3
0.000284091 4.74112e-06 0 0 0 0 0 0 6238 79.6283 9438.69 12 8260.63
0.000293701 4.83766e-06 0 0 0 0 0 0 6247 80.8305 9452.91 12 14143.4
0.000303477 4.90509e-06 0 0 0 0 0 0 6298 82.0934 9460.67 12 8977.07
0.000313393 4.97542e-06 0 0 0 0 0 0 6316 83.1291 9494.83 12 11461.4
0.000323416 5.01173e-06 0 0 0 0 0 0 6370 84.1356 9532.25 12 12934
0.000333553 5.08739e-06 0 0 0 0 0 0 6349 85.3385 9546.67 12 13939.6
0.000343767 5.12682e-06 0 0 0 0 0 0 6340 86.5717 9557.23 12 8863.85
0.000353941 5.04734e-06 0 0 0 0 0 0 6355 88.0745 9538.35 12 6165.16
0.00036388 4.96969e-06 0 0 0 0 0 0 6355 89.3121 9548.29 12 9112.03
0.00037382 4.96969e-06 0 0 0 0 0 0 6415 90.8995 9521.77 12 7784.86
0.000383759 4.96969e-06 0 0 0 0 0 0 6505 92.3712 9510.55 12 10320.7
0.000393619 4.89017e-06 0 0 0 0 0 0 6526 93.6599 9519.08 12 8261.79
0.000403244 4.81255e-06 0 0 0 0 0 0 6535 95.1789 9504.42 12 8416.22
0.000408018 4.77405e-06 0 0 0 0 0 0 6550 97.6163 9334.19 12 2687.24
0.000412792 4.77405e-06 0 0 0 0 0 0 6577 98.6241 9305.5 12 6526.37
0.000422225 4.69736e-06 0 0 0 0 0 0 6577 99.8252 9325.26 12 9616.64
0.000431469 4.6222e-06 0 0 0 0 0 0 6589 101.349 9315.02 12 9101.91
0.000440602 4.54795e-06 0 0 0 0 0 0 6670 102.495 9340.76 12 10945.1
0.000449625 4.51127e-06 0 0 0 0 0 0 6703 104.07 9328.12 12 8597.18
0.00045861 4.47429e-06 0 0 0 0 0 0 6763 105.372 9340.86 12 11101.3
0.000467522 4.43732e-06 0 0 0 0 0 0 6796 106.749 9347.56 12 9436.66
0.000476397 4.43732e-06 0 0 0 0 0 0 6766 108.592 9313.72 12 6499.47
0.000485271 4.43732e-06 0 0 0 0 0 0 6769 110.276 9294.42 12 7422.88
0.000494146 4.43732e-06 0 0 0 0 0 0 6781 111.858 9284.06 12 8484.58
0.000502982 4.39839e-06 0 0 0 0 0 0 6847 113.251 9290.33 12 10593.5
0.000511778 4.39839e-06 0 0 0 0 0 0 6922 114.483 9311.21 12 9998.97
0.000520575 4.39839e-06 0 0 0 0 0 0 6955 116.098 9301.37 12 8619.63
0.000529372 4.39839e-06 0 0 0 0 0 0 6994 117.541 9305.93 12 10583.7
0.000538128 4.35729e-06 0 0 0 0 0 0 7009 118.811 9324.38 12 10403.1
0.000546842 4.35729e-06 0 0 0 0 0 0 7009 120.332 9323.1 12 8710.7
0.000555557 4.35729e-06 0 0 0 0 0 0 7006 121.767 9328.32 12 11313.4
0.000564271 4.35729e-06 0 0 0 0 0 0 7039 123.105 9341.2 12 9033.42
0.000568629 4.35729e-06 0 0 0 0 0 0 7048 124.736 9275.56 12 4321.52
0.000577343 4.35729e-06 0 0 0 0 0 0 7093 126.383 9266.73 12 8225.48
0.000585969 4.31282e-06 0 0 0 0 0 0 7138 128.147 9250.54 12 7979.07
0.000590282 4.31282e-06 0 0 0 0 0 0 7153 129.949 9177.31 12 3969.34
0.00059455 4.2679e-06 0 0 0 0 0 0 7162 134.411 8925.88 12 1604.83
0.000598817 4.2679e-06 0 0 0 0 0 0 7195 139.383 8659.11 12 1447.14
0.000603085 4.2679e-06 0 0 0 0 0 0 7204 140.635 8633.28 12 5756.49
0.000611621 4.2679e-06 0 0 0 0 0 0 7195 142.056 8648.25 12 8945.9
0.000620064 4.22151e-06 0 0 0 0 0 0 7282 143.468 8664.21 12 11928.2
0.000628507 4.22151e-06 0 0 0 0 0 0 7288 145.218 8660.18 12 8625.9
0.00063695 4.22151e-06 0 0 0 0 0 0 7273 148.214 8583.28 12 3295.08
0.000641172 4.22151e-06 0 0 0 0 0 0 7297 149.521 8557.07 12 5583.97
0.000649517 4.17242e-06 0 0 0 0 0 0 7336 151.139 8562.43 12 8523.7
0.000657861 4.17242e-06 0 0 0 0 0 0 7327 152.689 8571.49 12 9157.23
0.000666106 4.12215e-06 0 0 0 0 0 0 7336 154.476 8567.31 12 8881.45
0.000670228 4.12215e-06 0 0 0 0 0 0 7357 155.853 8538.82 12 5342.69
0.000678472 4.12215e-06 0 0 0 0 0 0 7336 157.743 8529.51 12 7352.73
0.000682594 4.12215e-06 0 0 0 0 0 0 7333 160.773 8414.37 12 2420.15
0.000690733 4.0693e-06 0 0 0 0 0 0 7375 162.319 8425.01 12 10037.8
0.000698872 4.0693e-06 0 0 0 0 0 0 7402 164.243 8416.52 12 6994.18
0.00070701 4.0693e-06 0 0 0 0 0 0 7432 165.777 8428.31 12 8902.58
0.000715149 4.0693e-06 0 0 0 0 0 0 7405 167.522 8429.05 12 8079.72
0.000723287 4.0693e-06 0 0 0 0 0 0 7444 169.649 8411.07 12 6110.17
0.000731426 4.0693e-06 0 0 0 0 0 0 7447 171.237 8419.95 12 7770.31
0.000739443 4.00857e-06 0 0 0 0 0 0 7465 172.7 8435.04 12 9148.42
0.00074746 4.00857e-06 0 0 0 0 0 0 7501 174.332 8442.06 12 9155.33
0.000755414 3.94494e-06 0 0 0 0 0 0 7501 175.659 8463.69 12 12219
0.000763304 3.94494e-06 0 0 0 0 0 0 7525 177.02 8483.56 12 9842.65
0.000771194 3.94494e-06 0 0 0 0 0 0 7537 178.68 8489.13 12 9182.05
0.000775138 3.94494e-06 0 0 0 0 0 0 7525 179.714 8482.15 12 7276.35
0.000783028 3.94494e-06 0 0 0 0 0 0 7561 181.312 8490.74 12 9165.87
0.000790918 3.94494e-06 0 0 0 0 0 0 7576 182.938 8498.07 12 9383.53
0.000794863 3.94494e-06 0 0 0 0 0 0 7558 184.67 8459.27 12 4362.23
0.000802677 3.86908e-06 0 0 0 0 0 0 7558 186.302 8466.31 12 9225.71
0.000810415 3.86908e-06 0 0 0 0 0 0 7573 187.874 8476.03 12 10073
0.000818153 3.86908e-06 0 0 0 0 0 0 7612 189.055 8503.39 12 12023.9
0.000825892 3.86908e-06 0 0 0 0 0 0 7633 190.614 8513.86 12 11187.7
0.00083363 3.86908e-06 0 0 0 0 0 0 7609 191.878 8537.19 12 10466.8
0.000841368 3.86908e-06 0 0 0 0 0 0 7636 193.58 8540.92 12 8520.66
0.000848922 3.77695e-06 0 0 0 0 0 0 7663 195.177 8549.43 12 9376.37
0.000856476 3.77695e-06 0 0 0 0 0 0 7651 196.76 8558.41 12 10141.2
0.00086403 3.77695e-06 0 0 0 0 0 0 7654 198.097 8578.07 12 12623.9
0.000871584 3.77695e-06 0 0 0 0 0 0 7672 200.116 8568.1 12 5494.41
0.000879026 3.66587e-06 0 0 0 0 0 0 7684 201.416 8588.96 12 12943.9
0.000886358 3.66587e-06 0 0 0 0 0 0 7696 202.792 8606.71 12 10573.3
0.00089369 3.66587e-06 0 0 0 0 0 0 7738 203.966 8632.88 12 12606.4
0.000901022 3.66587e-06 0 0 0 0 0 0 7768 205.553 8641.67 12 9727.36
0.000908353 3.66587e-06 0 0 0 0 0 0 7777 207.027 8655.3 12 10717.7
0.000915685 3.66587e-06 0 0 0 0 0 0 7768 208.244 8679.3 12 12373.5
0.000923017 3.66587e-06 0 0 0 0 0 0 7771 210.039 8679.14 12 7846.82
0.000930349 3.66587e-06 0 0 0 0 0 0 7780 211.592 8689.01 12 9214.64
0.000937314 3.48257e-06 0 0 0 0 0 0 7804 213.158 8698.29 12 9673.13
0.000944279 3.48257e-06 0 0 0 0 0 0 7834 214.784 8705.3 12 9469.51
0.000951244 3.48257e-06 0 0 0 0 0 0 7879 216.03 8727.89 12 13282.8
0.000958209 3.48257e-06 0 0 0 0 0 0 7903 217.489 8741.95 12 10290.1
0.000965174 3.48257e-06 0 0 0 0 0 0 7909 218.655 8767.69 12 12683.2
0.000972139 3.48257e-06 0 0 0 0 0 0 7933 220.37 8771.36 12 9207.37
0.000979105 3.48257e-06 0 0 0 0 0 0 7915 221.976 8779.25 12 9579.39
0.00098607 3.48257e-06 0 0 0 0 0 0 7912 223.418 8793.46 12 11291.9
0.000993035 3.48257e-06 0 0 0 0 0 0 7927 224.714 8813.29 12 11421
0.001 3.48257e-06 0 0 0 0 0 0 7975 226.258 8823.53 12 10731.3
0.00100348 3.48432e-06 0 0 0 0 0 0 7993 227.425 8813.4 12 6848.99
0.00101048 3.49655e-06 0 0 0 0 0 0 8014 228.724 8833.46 12 14379.8
0.00101747 3.49655e-06 0 0 0 0 0 0 8011 230.375 8839.7 12 7952.38
0.00102443 3.47179e-06 0 0 0 0 0 0 8023 231.881 8851.46 12 9937.22
0.00103137 3.47179e-06 0 0 0 0 0 0 8017 233.5 8858.72 12 10064.2
0.00103831 3.47179e-06 0 0 0 0 0 0 8041 235.124 8865.89 12 9904.94
0.00104522 3.44686e-06 0 0 0 0 0 0 8056 236.36 8887.6 12 14277.1
0.00105209 3.43446e-06 0 0 0 0 0 0 8080 237.768 8902.9 12 10498.7
0.00105896 3.43446e-06 0 0 0 0 0 0 8113 239.389 8910.29 12 10068.7
0.00106239 3.43446e-06 0 0 0 0 0 0 8137 240.47 8904.06 12 7525.05
0.00106926 3.43446e-06 0 0 0 0 0 0 8167 241.971 8916.25 12 10135.2
0.00107612 3.42179e-06 0 0 0 0 0 0 8173 244.406 8894.31 12 4631.69
0.00108294 3.40916e-06 0 0 0 0 0 0 8155 245.857 8908.26 12 11029.5
0.00108975 3.40916e-06 0 0 0 0 0 0 8143 247.123 8928.52 12 11756.8
0.00109657 3.40916e-06 0 0 0 0 0 0 8173 248.736 8936.19 12 10142
0.00110339 3.40916e-06 0 0 0 0 0 0 8206 250.603 8935.01 12 7441.13
0.00111018 3.39625e-06 0 0 0 0 0 0 8215 252.131 8946.04 12 10346.2
0.00111358 3.39625e-06 0 0 0 0 0 0 8224 253.131 8943.17 12 8220.12
0.00112037 3.39625e-06 0 0 0 0 0 0 8248 254.743 8951.37 12 10299.6
0.00112716 3.39625e-06 0 0 0 0 0 0 8239 256.356 8959.29 12 10254
0.00113396 3.39625e-06 0 0 0 0 0 0 8266 257.588 8980.46 12 14015.2
0.00114072 3.38298e-06 0 0 0 0 0 0 8290 258.996 8995.62 12 10574
0.0011475 3.39641e-06 0 0 0 0 0 0 8320 260.749 8998.94 12 8655.51
0.00115429 3.39641e-06 0 0 0 0 0 0 8311 262.347 9007.48 12 10326.8
0.00116107 3.38277e-06 0 0 0 0 0 0 8317 263.89 9017.82 12 11243.5
0.00116784 3.38277e-06 0 0 0 0 0 0 8347 265.16 9037.55 12 13597
0.00117461 3.38277e-06 0 0 0 0 0 0 8380 266.701 9048.11 12 10307.1
0.00118137 3.38277e-06 0 0 0 0 0 0 8386 268.381 9053.93 12 9607.92
0.00118814 3.38277e-06 0 0 0 0 0 0 8401 270.817 9034.47 12 5274.41
0.00119487 3.36873e-06 0 0 0 0 0 0 8404 272.432 9042.58 12 10496.4
0.00120161 3.36873e-06 0 0 0 0 0 0 8395 273.908 9055.15 12 11811.8
0.00120835 3.36873e-06 0 0 0 0 0 0 8425 275.249 9072.23 12 11491.1
0.00121507 3.35439e-06 0 0 0 0 0 0 8473 276.757 9084.01 12 12210.6
0.00122177 3.34006e-06 0 0 0 0 0 0 8500 278.046 9103.06 12 12714.3
0.00122845 3.34006e-06 0 0 0 0 0 0 8482 279.688 9110.26 12 10279.5
0.00123179 3.34006e-06 0 0 0 0 0 0 8485 280.857 9102.56 12 7259.17
0.00123847 3.34006e-06 0 0 0 0 0 0 8482 282.285 9116.61 12 10426.8
0.00124515 3.34006e-06 0 0 0 0 0 0 8500 283.834 9126.66 12 11770
0.0012518 3.32535e-06 0 0 0 0 0 0 8512 285.094 9146.03 12 12712.2
0.00125842 3.31063e-06 0 0 0 0 0 0 8533 286.654 9155.76 12 10405
0.00126504 3.31063e-06 0 0 0 0 0 0 8530 288.218 9165.29 12 11461.7
0.00127166 3.31063e-06 0 0 0 0 0 0 8551 289.414 9186.5 12 15261.4
0.00127496 3.29565e-06 0 0 0 0 0 0 8566 290.778 9172.87 12 6280.67
0.00128152 3.28074e-06 0 0 0 0 0 0 8635 291.993 9193.75 12 14371
0.00128805 3.26583e-06 0 0 0 0 0 0 8671 293.218 9214.42 12 15893.1
0.00129458 3.26583e-06 0 0 0 0 0 0 8656 294.782 9224.26 12 9864.44
0.00130111 3.26583e-06 0 0 0 0 0 0 8665 296.37 9233.32 12 11178.8
0.00130763 3.25057e-06 0 0 0 0 0 0 8695 297.714 9249.97 12 13321.4
0.00131413 3.25057e-06 0 0 0 0 0 0 8731 299.058 9266.82 12 11967.2
0.00132063 3.25057e-06 0 0 0 0 0 0 8764 301.043 9263.87 12 7506.79
0.00132713 3.25057e-06 0 0 0 0 0 0 8779 302.36 9281.52 12 11943.9
0.0013336 3.23494e-06 0 0 0 0 0 0 8740 304.842 9263.38 12 5221.27
0.00134004 3.21931e-06 0 0 0 0 0 0 8788 306.434 9272.54 12 11232.1
0.00134648 3.21931e-06 0 0 0 0 0 0 8863 307.616 9294.35 12 15085.5
0.00135292 3.21931e-06 0 0 0 0 0 0 8866 309.172 9304.92 12 10680.7
0.00135936 3.21931e-06 0 0 0 0 0 0 8890 310.922 9309.69 12 9484.09
0.00136576 3.20321e-06 0 0 0 0 0 0 8896 312.514 9319.13 12 10967.3
0.00137217 3.20321e-06 0 0 0 0 0 0 8872 314.283 9323.17 12 9326.64
0.00137856 3.18687e-06 0 0 0 0 0 0 8953 315.862 9333.1 12 11031.3
0.00138493 3.18687e-06 0 0 0 0 0 0 8992 317.536 9340.46 12 11039.3
0.00139131 3.18687e-06 0 0 0 0 0 0 9010 319.059 9352.31 12 12725.1
0.00139765 3.17027e-06 0 0 0 0 0 0 9028 320.341 9371.23 12 12204.8
0.00140082 3.17027e-06 0 0 0 0 0 0 9031 321.354 9369.79 12 8913.52
0.00140713 3.15359e-06 0 0 0 0 0 0 9067 322.523 9392.03 12 15713.5
0.00141343 3.15359e-06 0 0 0 0 0 0 9100 324.014 9404.94 12 11172.8
0.00141974 3.15359e-06 0 0 0 0 0 0 9091 325.65 9413.49 12 11133.8
0.00142605 3.15359e-06 0 0 0 0 0 0 9070 327.218 9423.84 12 12033.9
0.00143234 3.13626e-06 0 0 0 0 0 0 9130 328.855 9432.33 12 11941.5
0.00143861 3.13626e-06 0 0 0 0 0 0 9148 330.075 9452.92 12 13658.7
0.00144175 3.13626e-06 0 0 0 0 0 0 9157 331.084 9451.76 12 9069.87
0.00144802 3.13626e-06 0 0 0 0 0 0 9157 332.5 9466.63 12 12217.8
0.00145429 3.13626e-06 0 0 0 0 0 0 9124 334.124 9475.23 12 11299.8
0.00146056 3.13626e-06 0 0 0 0 0 0 9142 335.743 9484.02 12 11355.1
0.0014668 3.11813e-06 0 0 0 0 0 0 9154 336.958 9504.17 12 16013
0.00147304 3.11813e-06 0 0 0 0 0 0 9175 338.451 9516.43 12 11538.9
0.00147927 3.11813e-06 0 0 0 0 0 0 9184 340.109 9524.04 12 11248.4
0.00148239 3.11813e-06 0 0 0 0 0 0 9184 341.129 9522.48 12 9004.63
0.00148863 3.11813e-06 0 0 0 0 0 0 9214 342.744 9531.34 12 11204.9
0.00149484 3.09912e-06 0 0 0 0 0 0 9241 344.482 9536.88 12 10054.8
0.00149794 3.09912e-06 0 0 0 0 0 0 9271 346.188 9516.66 12 5433.82
0.00150104 3.09912e-06 0 0 0 0 0 0 9295 347.511 9507.2 12 7029.91
0.00150414 3.09912e-06 0 0 0 0 0 0 9313 348.986 9493.69 12 6312.76
0.00151034 3.09912e-06 0 0 0 0 0 0 9361 352.332 9456.63 12 3683.11
0.00151654 3.09912e-06 0 0 0 0 0 0 9352 354.006 9464.7 12 10905
0.00152272 3.07925e-06 0 0 0 0 0 0 9376 355.729 9471.48 12 10850.8
0.00152885 3.05939e-06 0 0 0 0 0 0 9391 357.429 9478.94 12 11212.9
0.00153497 3.05939e-06 0 0 0 0 0 0 9394 358.77 9495.88 12 15142.2
0.00154109 3.05939e-06 0 0 0 0 0 0 9385 360.201 9510.28 12 14605.4
0.00154415 3.05939e-06 0 0 0 0 0 0 9373 361.771 9494.91 12 5970.24
0.00155027 3.05939e-06 0 0 0 0 0 0 9385 364.429 9477.14 12 5171.7
0.00155639 3.05939e-06 0 0 0 0 0 0 9409 365.99 9488.14 12 11307.6
0.00156249 3.03829e-06 0 0 0 0 0 0 9442 367.727 9494.63 12 11110.9
0.00156856 3.03829e-06 0 0 0 0 0 0 9463 369.459 9501.34 12 10673.7
0.0015746 3.01704e-06 0 0 0 0 0 0 9481 372.115 9484.51 12 5559.07
0.00158059 2.99579e-06 0 0 0 0 0 0 9460 373.726 9494.27 12 11845.9
0.00158658 2.99579e-06 0 0 0 0 0 0 9481 375.344 9503.83 12 12674.9
0.00159255 2.97408e-06 0 0 0 0 0 0 9481 377.109 9509.64 12 11058.2
0.00159848 2.95238e-06 0 0 0 0 0 0 9499 379.022 9511.79 12 9627.66
0.00160432 2.90943e-06 0 0 0 0 0 0 9529 380.756 9518.45 12 10948.7
0.00160723 2.90943e-06 0 0 0 0 0 0 9505 382.289 9505.14 12 6198.39
0.001613 2.88804e-06 0 0 0 0 0 0 9547 384.041 9511.47 12 11282.2
0.00161878 2.88804e-06 0 0 0 0 0 0 9550 385.748 9518.84 12 11020.3
0.00162455 2.88804e-06 0 0 0 0 0 0 9598 387.37 9528.47 12 11956.2
0.00162744 2.88804e-06 0 0 0 0 0 0 9607 388.372 9528.63 12 9589.23
0.00163317 2.86582e-06 0 0 0 0 0 0 9640 389.796 9543.22 12 13594.8
0.00163884 2.82156e-06 0 0 0 0 0 0 9613 391.453 9551.98 12 9844.45
0.00164446 2.79952e-06 0 0 0 0 0 0 9646 392.961 9564.38 12 14093.8
0.00164999 2.75595e-06 0 0 0 0 0 0 9667 394.836 9567.92 12 10083.9
0.00165275 2.75595e-06 0 0 0 0 0 0 9682 396.286 9557.34 12 6677.56
0.00165826 2.75595e-06 0 0 0 0 0 0 9667 398.298 9557.63 12 8811.45
0.00166377 2.75595e-06 0 0 0 0 0 0 9664 400.332 9557.32 12 8610.35
0.00166929 2.75595e-06 0 0 0 0 0 0 9688 402.001 9565.81 12 10217.7
0.0016748 2.75595e-06 0 0 0 0 0 0 9703 403.502 9578.26 12 12120.7
0.00168031 2.75595e-06 0 0 0 0 0 0 9739 405.18 9586.62 12 11694.7
0.00168587 2.77991e-06 0 0 0 0 0 0 9709 406.935 9593.02 12 11095.8
0.00169148 2.80473e-06 0 0 0 0 0 0 9727 408.668 9599.87 12 12676.6
0.00169714 2.83047e-06 0 0 0 0 0 0 9742 410.345 9608.13 12 12118.6
0.00170288 2.88464e-06 0 0 0 0 0 0 9748 412.324 9609.29 12 8709.62
0.00170868 2.9132e-06 0 0 0 0 0 0 9787 413.796 9622.33 12 12130.9
0.00171159 2.9132e-06 0 0 0 0 0 0 9811 414.949 9619.24 12 8509.9
0.00171454 2.94293e-06 0 0 0 0 0 0 9796 416.421 9608.76 12 6655.15
0.00172048 2.97358e-06 0 0 0 0 0 0 9841 418.22 9614.42 12 11703.5
0.00172649 3.00556e-06 0 0 0 0 0 0 9859 419.99 9620.83 12 11114.5
0.00173257 3.03895e-06 0 0 0 0 0 0 9877 422.121 9618.99 12 7932.95
0.00173876 3.11005e-06 0 0 0 0 0 0 9874 425.447 9590.23 12 3933.98
0.00174187 3.11005e-06 0 0 0 0 0 0 9865 427.641 9564.11 12 4497.46
0.00174501 3.14797e-06 0 0 0 0 0 0 9874 432.881 9471.14 12 1884.18
0.00174816 3.14797e-06 0 0 0 0 0 0 9886 438.11 9380.67 12 1890.78
0.00175135 3.18782e-06 0 0 0 0 0 0 9862 444.923 9259.18 12 1447.39
0.00175454 3.18782e-06 0 0 0 0 0 0 9868 448.03 9216.99 12 3176.12
0.00176096 3.23033e-06 0 0 0 0 0 0 9865 449.861 9223.34 12 9344.99
0.00176419 3.23033e-06 0 0 0 0 0 0 9901 450.94 9223.23 12 9175.94
0.00177069 3.27582e-06 0 0 0 0 0 0 9889 453.689 9211 12 5108.37
0.00177397 3.27582e-06 0 0 0 0 0 0 9916 455.065 9204.94 12 7205.58
0.00178052 3.27582e-06 0 0 0 0 0 0 9952 456.815 9213.22 12 11844.4
0.00178717 3.32546e-06 0 0 0 0 0 0 9955 458.077 9231.29 12 15725.7
0.00179382 3.32546e-06 0 0 0 0 0 0 9943 459.825 9239.47 12 11543.5
0.00180053 3.38088e-06 0 0 0 0 0 0 9952 461.518 9248.66 12 11445.3
0.00180729 3.38088e-06 0 0 0 0 0 0 9976 463.408 9253.92 12 9254.44
0.00181405 3.38088e-06 0 0 0 0 0 0 9985 465.043 9264.34 12 11972.7
0.00182081 3.38088e-06 0 0 0 0 0 0 9982 466.706 9274.05 12 12204.1
0.00182764 3.44717e-06 0 0 0 0 0 0 10021 468.363 9283.97 12 12046.7
0.00183454 3.44717e-06 0 0 0 0 0 0 10021 469.971 9294.89 12 12226
0.00184143 3.44717e-06 0 0 0 0 0 0 10036 471.648 9304.37 12 12421.6
0.00184832 3.44717e-06 0 0 0 0 0 0 10054 473.404 9312.33 12 11303.4
0.00185522 3.44717e-06 0 0 0 0 0 0 10081 474.987 9323.69 12 12102
0.00186211 3.44717e-06 0 0 0 0 0 0 10081 476.608 9334.28 12 12922.6
0.00186901 3.44717e-06 0 0 0 0 0 0 10093 478.511 9339.31 12 10860
0.0018759 3.44717e-06 0 0 0 0 0 0 10057 480.371 9345.04 12 10799.4
0.0018828 3.44717e-06 0 0 0 0 0 0 10075 482.052 9354.27 12 11530.1
0.00188624 3.44717e-06 0 0 0 0 0 0 10099 484.484 9328.16 12 4152.32
0.00189314 3.44717e-06 0 0 0 0 0 0 10117 486.203 9336.76 12 12206.8
0.00190003 3.44717e-06 0 0 0 0 0 0 10096 487.934 9345.06 12 11540.6
0.00190693 3.44717e-06 0 0 0 0 0 0 10138 489.592 9354.77 12 12371.8
0.00191382 3.44717e-06 0 0 0 0 0 0 10180 491.353 9362.63 12 11318.2
0.00192071 3.44717e-06 0 0 0 0 0 0 10150 493.634 9360.5 12 7030.97
0.00192416 3.44717e-06 0 0 0 0 0 0 10150 494.99 9355.37 12 7487.21
0.00193106 3.44717e-06 0 0 0 0 0 0 10171 496.521 9367.5 12 13636.2
0.00193795 3.44717e-06 0 0 0 0 0 0 10159 498.183 9377.03 12 12183.5
0.00194485 3.44717e-06 0 0 0 0 0 0 10093 499.916 9384.98 12 10665.9
0.00195174 3.44717e-06 0 0 0 0 0 0 10138 501.509 9395.56 12 12173.5
0.00195863 3.44717e-06 0 0 0 0 0 0 10162 503.96 9390.19 12 6441.54
0.00196553 3.44717e-06 0 0 0 0 0 0 10189 505.783 9396.58 12 11048.6
0.00197242 3.44717e-06 0 0 0 0 0 0 10180 507.482 9405.26 12 11868.4
0.00197932 3.44717e-06 0 0 0 0 0 0 10186 509.177 9413.97 12 12582
0.00198621 3.44717e-06 0 0 0 0 0 0 10186 510.834 9423.29 12 11713.7
0.00199311 3.44717e-06 0 0 0 0 0 0 10219 512.466 9433.15 12 12230.5
0.00199655 3.44717e-06 0 0 0 0 0 0 10213 513.964 9425.52 12 6817.99
0.0020036 3.59712e-06 0 0 0 0 0 0 10243 515.963 9428.68 12 9347.11
0.00201079 3.59712e-06 0 0 0 0 0 0 10198 517.435 9441.32 12 12942.4
0.002018 3.6103e-06 0 0 0 0 0 0 10228 519.099 9450.43 12 12832.6
0.00202522 3.6103e-06 0 0 0 0 0 0 10243 520.803 9458.81 12 11643.4
0.00203247 3.62372e-06 0 0 0 0 0 0 10240 522.463 9467.98 12 12347.8
0.00203609 3.62372e-06 0 0 0 0 0 0 10246 524.034 9459.14 12 6518.71
0.00203973 3.63739e-06 0 0 0 0 0 0 10249 525.684 9448.95 12 6213.04
0.00204337 3.63739e-06 0 0 0 0 0 0 10258 527.859 9429.45 12 4716.75
0.002047 3.63739e-06 0 0 0 0 0 0 10252 530.558 9400.8 12 3798.21
0.00205064 3.63739e-06 0 0 0 0 0 0 10222 536.186 9321.2 12 1816.32
0.00205428 3.63739e-06 0 0 0 0 0 0 10207 540.468 9266.22 12 2383.3
0.00205793 3.65144e-06 0 0 0 0 0 0 10207 544.11 9222.96 12 2802.95
0.00206158 3.65144e-06 0 0 0 0 0 0 10186 546.633 9199.02 12 4036.51
0.00206523 3.65144e-06 0 0 0 0 0 0 10174 548.34 9188.94 12 5960.5
0.00206888 3.65144e-06 0 0 0 0 0 0 10183 550.867 9165.28 12 4030.18
0.00207253 3.65144e-06 0 0 0 0 0 0 10171 552.293 9160.03 12 7133.67
0.0020762 3.66587e-06 0 0 0 0 0 0 10180 555.338 9128.14 12 3343.46
0.00207987 3.66587e-06 0 0 0 0 0 0 10156 556.874 9121.19 12 6608.22
0.00208353 3.66587e-06 0 0 0 0 0 0 10171 560.925 9073.46 12 2511.04
0.0020872 3.66587e-06 0 0 0 0 0 0 10156 569.66 8952.16 12 1162.7
0.00209454 3.68071e-06 0 0 0 0 0 0 10174 577.058 8872.66 12 1589.43
0.00209823 3.68071e-06 0 0 0 0 0 0 10198 582.669 8804.72 12 1817.49
0.00210191 3.68071e-06 0 0 0 0 0 0 10177 588.012 8742.01 12 1904.57
0.00210559 3.68071e-06 0 0 0 0 0 0 10192 591.106 8713.5 12 3294.12
0.00210927 3.68071e-06 0 0 0 0 0 0 10180 593.261 8699.01 12 4725
0.00211296 3.69598e-06 0 0 0 0 0 0 10168 595.682 8680.72 12 4199.35
0.00211666 3.69598e-06 0 0 0 0 0 0 10150 599.228 8646.29 12 2862.38
0.00212036 3.69598e-06 0 0 0 0 0 0 10144 601.531 8630.05 12 4404.42
0.00212405 3.69598e-06 0 0 0 0 0 0 10135 604.484 8604.66 12 3432.73
0.00213147 3.71165e-06 0 0 0 0 0 0 10069 606.312 8611.97 12 9798.26
0.00213519 3.71165e-06 0 0 0 0 0 0 10075 607.668 8609.33 12 7429.18
0.00214261 3.71165e-06 0 0 0 0 0 0 10045 609.722 8613.32 12 9228.96
0.00215007 3.72778e-06 0 0 0 0 0 0 10000 611.703 8618.15 12 8072.92
0.00215379 3.72778e-06 0 0 0 0 0 0 10006 612.861 8618.2 12 8646.4
0.00215752 3.72778e-06 0 0 0 0 0 0 10006 614.265 8614.78 12 7122.99
0.00216125 3.72778e-06 0 0 0 0 0 0 9973 616.371 8601.54 12 4736.46
0.00216499 3.74443e-06 0 0 0 0 0 0 9970 618.608 8586.55 12 4457.39
0.00216874 3.74443e-06 0 0 0 0 0 0 9973 620.851 8571.58 12 4444.98
0.00217248 3.74443e-06 0 0 0 0 0 0 9991 622.814 8560.62 12 5091.38
0.00217623 3.74443e-06 0 0 0 0 0 0 9970 625.171 8544.28 12 4228.43
0.00217997 3.74443e-06 0 0 0 0 0 0 9970 627.341 8530.62 12 4594.81
0.00218372 3.74443e-06 0 0 0 0 0 0 9937 628.928 8524.9 12 6263.54
0.00218748 3.76168e-06 0 0 0 0 0 0 9931 630.162 8523.97 12 8048.19
0.00219124 3.76168e-06 0 0 0 0 0 0 9946 631.565 8520.77 12 7086.33
0.002195 3.76168e-06 0 0 0 0 0 0 9946 632.969 8517.59 12 7085.56
0.00219876 3.76168e-06 0 0 0 0 0 0 9961 634.207 8516.67 12 8044.02
0.00220252 3.76168e-06 0 0 0 0 0 0 9970 636.373 8503.35 12 4603.85
0.0022063 3.77951e-06 0 0 0 0 0 0 9931 640.849 8459.46 12 2218.77
0.00221008 3.77951e-06 0 0 0 0 0 0 9898 643.804 8436 12 3349.43
0.00221386 3.77951e-06 0 0 0 0 0 0 9898 646.927 8410.57 12 3168.91
0.00221764 3.77951e-06 0 0 0 0 0 0 9862 649.336 8394.57 12 4095.15
0.00222142 3.77951e-06 0 0 0 0 0 0 9880 651.207 8385.61 12 5278.28
0.00222522 3.79795e-06 0 0 0 0 0 0 9889 652.761 8380.8 12 6366.81
0.00222902 3.79795e-06 0 0 0 0 0 0 9889 654.526 8373.31 12 5601.3
0.00223282 3.79795e-06 0 0 0 0 0 0 9892 656.167 8367.44 12 6027.98
0.00223661 3.79795e-06 0 0 0 0 0 0 9883 659.47 8340.53 12 2992.56
0.00224041 3.79795e-06 0 0 0 0 0 0 9850 661.561 8329.05 12 4710.38
0.00224421 3.79795e-06 0 0 0 0 0 0 9844 664.897 8302.07 12 2950.96
0.00225184 3.81713e-06 0 0 0 0 0 0 9820 667.206 8302.8 12 6612.86
0.00225566 3.81713e-06 0 0 0 0 0 0 9814 669.415 8290.06 12 4442.53
0.00226329 3.81713e-06 0 0 0 0 0 0 9787 671.996 8287.41 12 6166.13
0.00226713 3.83701e-06 0 0 0 0 0 0 9787 673.093 8288.45 12 8923.43
0.00227097 3.83701e-06 0 0 0 0 0 0 9772 675.069 8278.66 12 4944.41
0.00227481 3.83701e-06 0 0 0 0 0 0 9754 676.507 8275.48 12 6781.78
0.00227864 3.83701e-06 0 0 0 0 0 0 9721 681.429 8229.97 12 1975.13
0.00228248 3.83701e-06 0 0 0 0 0 0 9715 685.678 8193.14 12 2286.36
0.00228632 3.83701e-06 0 0 0 0 0 0 9709 686.769 8194.26 12 8897.41
0.00229403 3.85775e-06 0 0 0 0 0 0 9715 690.197 8181.69 12 3657.37
0.00229789 3.85775e-06 0 0 0 0 0 0 9688 692.718 8165.9 12 3842.33
0.00230175 3.85775e-06 0 0 0 0 0 0 9640 693.864 8166.31 12 8413.89
0.00230561 3.85775e-06 0 0 0 0 0 0 9619 697.699 8135.21 12 2508.26
0.00230946 3.85775e-06 0 0 0 0 0 0 9619 700.216 8119.7 12 3821.74
0.00231334 3.87942e-06 0 0 0 0 0 0 9607 701.923 8113.64 12 5627.54
0.00231722 3.87942e-06 0 0 0 0 0 0 9595 707.665 8061.36 12 1670.86
0.0023211 3.87942e-06 0 0 0 0 0 0 9586 710.408 8043.74 12 3495.71
0.00232498 3.87942e-06 0 0 0 0 0 0 9571 712.91 8028.93 12 3824.35
0.00232886 3.87942e-06 0 0 0 0 0 0 9592 716.234 8005.05 12 2885.5
0.00233274 3.87942e-06 0 0 0 0 0 0 9598 718.785 7990 12 3762.92
0.00233662 3.87942e-06 0 0 0 0 0 0 9577 721.514 7973.06 12 3509.87
0.0023405 3.87942e-06 0 0 0 0 0 0 9574 723.048 7969.38 12 6241.35
0.0023444 3.90238e-06 0 0 0 0 0 0 9583 725.505 7955.6 12 3899.16
0.0023483 3.90238e-06 0 0 0 0 0 0 9562 726.89 7953.6 12 6905.29
0.00235221 3.90238e-06 0 0 0 0 0 0 9547 728.187 7952.54 12 7359.88
0.00235611 3.90238e-06 0 0 0 0 0 0 9517 729.526 7950.99 12 7110.08
0.00236001 3.90238e-06 0 0 0 0 0 0 9532 731.794 7939.37 12 4202.61
0.00236391 3.90238e-06 0 0 0 0 0 0 9520 733.931 7929.22 12 4453.58
0.00236784 3.92646e-06 0 0 0 0 0 0 9496 735.755 7922.47 12 5206.99
0.00237177 3.92646e-06 0 0 0 0 0 0 9499 737.043 7921.52 12 7376.19
0.00237569 3.92646e-06 0 0 0 0 0 0 9487 738.744 7916.12 12 5576.53
0.00237962 3.92646e-06 0 0 0 0 0 0 9475 739.993 7915.57 12 7589.07
0.00238355 3.92646e-06 0 0 0 0 0 0 9463 741.648 7910.66 12 5715.45
0.00238747 3.92646e-06 0 0 0 0 0 0 9442 744.019 7898.14 12 3983.52
0.0023914 3.92646e-06 0 0 0 0 0 0 9436 745.421 7895.95 12 6730.56
0.00239532 3.92646e-06 0 0 0 0 0 0 9427 746.574 7896.38 12 8176.61
0.00239925 3.92646e-06 0 0 0 0 0 0 9442 747.71 7897.01 12 8309.15
0.00240318 3.92646e-06 0 0 0 0 0 0 9439 749.732 7888.3 12 4667.58
0.00240713 3.95247e-06 0 0 0 0 0 0 9436 757.11 7823.89 12 1278.94
0.00241108 3.95247e-06 0 0 0 0 0 0 9448 762.404 7781.96 12 1784.72
0.00241503 3.95247e-06 0 0 0 0 0 0 9442 765.162 7766.24 12 3422.78
0.00241899 3.95247e-06 0 0 0 0 0 0 9430 766.716 7762.81 12 6070.45
0.00242294 3.95247e-06 0 0 0 0 0 0 9424 768.252 7759.55 12 6135.69
0.00242689 3.95247e-06 0 0 0 0 0 0 9421 770.026 7753.91 12 5309.03
0.00243084 3.95247e-06 0 0 0 0 0 0 9367 772.694 7739.26 12 3511.34
0.0024348 3.95247e-06 0 0 0 0 0 0 9358 774.411 7734.19 12 5451.31
0.00243875 3.95247e-06 0 0 0 0 0 0 9358 776.589 7724.54 12 4295.42
0.0024427 3.95247e-06 0 0 0 0 0 0 9358 778.853 7714.1 12 4133.49
0.00244665 3.95247e-06 0 0 0 0 0 0 9352 782.882 7686.35 12 2321.17
0.00245061 3.95247e-06 0 0 0 0 0 0 9352 786.251 7665.31 12 2775.99
0.00245456 3.95247e-06 0 0 0 0 0 0 9352 787.523 7664.81 12 7355.4
0.00245851 3.95247e-06 0 0 0 0 0 0 9328 789.258 7659.77 12 5373.43
0.00246246 3.95247e-06 0 0 0 0 0 0 9331 790.411 7660.4 12 8092.9
0.00246642 3.95247e-06 0 0 0 0 0 0 9346 792.933 7647.83 12 3706.57
0.00247037 3.95247e-06 0 0 0 0 0 0 9328 794.82 7641.4 12 4942.76
0.00247432 3.95247e-06 0 0 0 0 0 0 9322 796.193 7639.94 12 6791.56
0.00247827 3.95247e-06 0 0 0 0 0 0 9301 797.367 7640.36 12 7922.78
0.0024822 3.92275e-06 0 0 0 0 0 0 9304 798.625 7639.96 12 7391.35
0.00248612 3.92275e-06 0 0 0 0 0 0 9295 799.761 7640.74 12 8185.4
0.00249004 3.92275e-06 0 0 0 0 0 0 9289 802.367 7627.49 12 3563.97
0.00249397 3.92275e-06 0 0 0 0 0 0 9271 804.389 7619.85 12 4585.3
0.00249789 3.92275e-06 0 0 0 0 0 0 9259 806.276 7613.5 12 4906.83
0.00250181 3.92275e-06 0 0 0 0 0 0 9241 807.796 7610.61 12 6080.09
0.00250573 3.92275e-06 0 0 0 0 0 0 9232 810.419 7597.37 12 3519.7
0.00250966 3.92275e-06 0 0 0 0 0 0 9232 812.856 7585.96 12 3788.59
0.00251358 3.92275e-06 0 0 0 0 0 0 9238 814.342 7583.45 12 6214.63
0.0025175 3.92275e-06 0 0 0 0 0 0 9220 816.099 7578.43 12 5250.01
0.00252142 3.92275e-06 0 0 0 0 0 0 9199 817.302 7578.53 12 7643.02
0.00252535 3.92275e-06 0 0 0 0 0 0 9178 822.56 7541.24 12 1745.66
0.00252927 3.92275e-06 0 0 0 0 0 0 9169 824.662 7533.14 12 4361.71
0.00253319 3.92275e-06 0 0 0 0 0 0 9157 826.053 7531.54 12 6583.01
0.00253712 3.92275e-06 0 0 0 0 0 0 9124 827.468 7529.68 12 6447.26
0.00254104 3.92275e-06 0 0 0 0 0 0 9115 828.527 7531.06 12 8606.27
0.00254496 3.92275e-06 0 0 0 0 0 0 9103 830.071 7528.02 12 5898.2
0.00254888 3.92275e-06 0 0 0 0 0 0 9106 831.345 7527.44 12 7145.54
0.00255281 3.92275e-06 0 0 0 0 0 0 9094 833.278 7520.89 12 4704.6
0.00255673 3.92275e-06 0 0 0 0 0 0 9088 839.84 7472.94 12 1384.88
0.00256065 3.92275e-06 0 0 0 0 0 0 9076 842.448 7460.58 12 3480.25
0.00256457 3.92275e-06 0 0 0 0 0 0 9070 845.767 7442.03 12 2732.68
0.0025685 3.92275e-06 0 0 0 0 0 0 9073 847.437 7438.07 12 5432.67
0.00257242 3.92275e-06 0 0 0 0 0 0 9079 849.011 7434.97 12 5767.04
0.00257634 3.92275e-06 0 0 0 0 0 0 9082 850.46 7432.99 12 6271.7
0.00258027 3.92275e-06 0 0 0 0 0 0 9094 851.614 7433.6 12 7880.35
0.00258419 3.92275e-06 0 0 0 0 0 0 9094 853.538 7427.5 12 4726.63
0.00258807 3.88609e-06 0 0 0 0 0 0 9100 856.006 7416.71 12 3687.14
0.00259196 3.88609e-06 0 0 0 0 0 0 9106 857.424 7415.07 12 6422.22
0.00259585 3.88609e-06 0 0 0 0 0 0 9109 858.896 7412.96 12 6185.83
0.00259973 3.88609e-06 0 0 0 0 0 0 9109 860.015 7413.91 12 8142.18
0.00260362 3.88609e-06 0 0 0 0 0 0 9100 861.783 7409.26 12 5147.73
0.00260751 3.88609e-06 0 0 0 0 0 0 9103 865.174 7390.74 12 2684.05
0.00261139 3.88609e-06 0 0 0 0 0 0 9100 867.595 7380.6 12 3758.86
0.00261528 3.88609e-06 0 0 0 0 0 0 9088 869.885 7371.62 12 3968.91
0.00261916 3.88609e-06 0 0 0 0 0 0 9085 871.618 7367.39 12 5241.73
0.00262305 3.88609e-06 0 0 0 0 0 0 9061 873.926 7358.3 12 3926.27
0.00262694 3.88609e-06 0 0 0 0 0 0 9055 875.443 7355.89 12 5968.92
0.00263082 3.88609e-06 0 0 0 0 0 0 9043 876.894 7354.03 12 6230.38
0.00263471 3.88609e-06 0 0 0 0 0 0 9025 878.598 7350.04 12 5297.61
0.00263859 3.88609e-06 0 0 0 0 0 0 9001 880.391 7345.3 12 5019.97
0.00264248 3.88609e-06 0 0 0 0 0 0 8995 881.505 7346.22 12 8077.13
0.00264637 3.88609e-06 0 0 0 0 0 0 8977 883.425 7340.41 12 4674.65
0.00265025 3.88609e-06 0 0 0 0 0 0 8977 885.428 7333.94 12 4480.58
0.00265414 3.88609e-06 0 0 0 0 0 0 8968 887.072 7330.46 12 5455.65
0.00265802 3.88609e-06 0 0 0 0 0 0 8977 888.235 7330.98 12 7723.67
0.00266191 3.88609e-06 0 0 0 0 0 0 8959 889.49 7330.7 12 7135.04
0.0026658 3.88609e-06 0 0 0 0 0 0 8941 890.856 7329.5 12 6546.52
0.00266968 3.88609e-06 0 0 0 0 0 0 8911 892.475 7326.18 12 5503.2
0.00267357 3.88609e-06 0 0 0 0 0 0 8890 895.033 7315.18 12 3476.27
0.00267745 3.88609e-06 0 0 0 0 0 0 8872 896.654 7311.85 12 5472.85
0.00268134 3.88609e-06 0 0 0 0 0 0 8866 898.238 7308.82 12 5594.93
0.00268523 3.88609e-06 0 0 0 0 0 0 8842 899.881 7305.31 12 5383.28
0.00268911 3.88609e-06 0 0 0 0 0 0 8830 901.644 7300.82 12 5007.55
0.002693 3.88609e-06 0 0 0 0 0 0 8827 904.903 7284.28 12 2708.41
0.00269689 3.88609e-06 0 0 0 0 0 0 8815 906.891 7278.03 12 4433.95
0.00270077 3.88609e-06 0 0 0 0 0 0 8815 908.307 7276.39 12 6227.16
0.00270466 3.88609e-06 0 0 0 0 0 0 8782 909.88 7273.46 12 5581.43
0.00270854 3.88609e-06 0 0 0 0 0 0 8776 911.335 7271.48 12 6032.87
0.00271243 3.88609e-06 0 0 0 0 0 0 8767 912.969 7268.06 12 5364.72
0.00271632 3.88609e-06 0 0 0 0 0 0 8764 915.041 7261.19 12 4230.2
0.0027202 3.88609e-06 0 0 0 0 0 0 8761 916.666 7257.87 12 5390.89
0.00272409 3.88609e-06 0 0 0 0 0 0 8773 918.298 7254.52 12 5375.09
0.00272792 3.83212e-06 0 0 0 0 0 0 8779 919.471 7254.82 12 7483.22
0.00273175 3.83212e-06 0 0 0 0 0 0 8779 921.119 7251.37 12 5328.93
0.00273558 3.83212e-06 0 0 0 0 0 0 8776 922.406 7250.77 12 6817.01
0.00273942 3.83212e-06 0 0 0 0 0 0 8761 926.389 7229.05 12 2199.94
0.00274325 3.83212e-06 0 0 0 0 0 0 8749 931.286 7200.43 12 1786.47
0.00274708 3.83212e-06 0 0 0 0 0 0 8740 933.191 7195.09 12 4586.74
0.00275091 3.83212e-06 0 0 0 0 0 0 8749 935.527 7186.48 12 3746.01
0.00275474 3.83212e-06 0 0 0 0 0 0 8761 938.216 7175.23 12 3258.44
0.00275858 3.83212e-06 0 0 0 0 0 0 8752 942.491 7151.96 12 2046.99
0.00276241 3.83212e-06 0 0 0 0 0 0 8746 945.671 7137.16 12 2750.29
0.00276624 3.83212e-06 0 0 0 0 0 0 8752 947.316 7134.01 12 5321.74
0.00277007 3.83212e-06 0 0 0 0 0 0 8752 948.573 7133.79 12 6964.34
0.00277391 3.83212e-06 0 0 0 0 0 0 8749 949.591 7135.35 12 8592.46
0.00277774 3.83212e-06 0 0 0 0 0 0 8752 950.741 7135.93 12 7611.65
0.00278157 3.83212e-06 0 0 0 0 0 0 8743 952.044 7135.34 12 6709.14
0.0027854 3.83212e-06 0 0 0 0 0 0 8725 953.685 7132.21 12 5317.16
0.00278923 3.83212e-06 0 0 0 0 0 0 8737 956.387 7121.2 12 3233
0.00279307 3.83212e-06 0 0 0 0 0 0 8737 958.172 7117.05 12 4894.61
0.0027969 3.83212e-06 0 0 0 0 0 0 8731 963.825 7084.36 12 1544.55
0.00280073 3.83212e-06 0 0 0 0 0 0 8725 967.246 7068.33 12 2550.3
0.00280456 3.83212e-06 0 0 0 0 0 0 8707 969.093 7063.84 12 4713.7
0.00280839 3.83212e-06 0 0 0 0 0 0 8695 971.1 7058.2 12 4333.76
0.00281223 3.83212e-06 0 0 0 0 0 0 8686 972.885 7054.17 12 4864.92
0.00281606 3.83212e-06 0 0 0 0 0 0 8680 974.355 7052.44 12 5905.14
0.00281989 3.83212e-06 0 0 0 0 0 0 8677 976.824 7043.5 12 3514.49
0.00282372 3.83212e-06 0 0 0 0 0 0 8680 978.349 7041.39 12 5689.94
0.00282755 3.83212e-06 0 0 0 0 0 0 8662 979.631 7041.02 12 6760.35
0.00283139 3.83212e-06 0 0 0 0 0 0 8656 980.702 7042.15 12 8076.89
0.00283522 3.83212e-06 0 0 0 0 0 0 8641 982.511 7037.99 12 4778.7
0.00283905 3.83212e-06 0 0 0 0 0 0 8608 984.043 7035.77 12 5617.61
0.00284288 3.83212e-06 0 0 0 0 0 0 8599 986.546 7026.64 12 3435.22
0.00284672 3.83212e-06 0 0 0 0 0 0 8587 988.775 7019.48 12 3852.23
0.00285055 3.83212e-06 0 0 0 0 0 0 8587 990.403 7016.61 12 5273.67
0.00285438 3.83212e-06 0 0 0 0 0 0 8572 992.105 7013.22 12 5039.15
0.00285821 3.83212e-06 0 0 0 0 0 0 8557 994.214 7006.95 12 4056.92
0.00286204 3.83212e-06 0 0 0 0 0 0 8542 998.311 6986.75 12 2084.64
0.00286588 3.83212e-06 0 0 0 0 0 0 8524 999.908 6984.11 12 5338.39
0.00286971 3.83212e-06 0 0 0 0 0 0 8503 1001.07 6984.49 12 7305.26
0.00287354 3.83212e-06 0 0 0 0 0 0 8482 1002.36 6983.95 12 6566.66
0.00287737 3.83212e-06 0 0 0 0 0 0 8482 1003.41 6985.12 12 8107.68
0.0028812 3.83212e-06 0 0 0 0 0 0 8488 1004.47 6986.21 12 8019.03
0.00288504 3.83212e-06 0 0 0 0 0 0 8479 1005.62 6986.65 12 7371.97
0.00288887 3.83212e-06 0 0 0 0 0 0 8473 1007.95 6978.88 12 3630.64
0.0028927 3.83212e-06 0 0 0 0 0 0 8470 1012.56 6955.46 12 1836.68
0.00289653 3.83212e-06 0 0 0 0 0 0 8476 1014.47 6950.78 12 4456.95
0.00290036 3.83212e-06 0 0 0 0 0 0 8470 1016 6948.59 12 5503.56
0.0029042 3.83212e-06 0 0 0 0 0 0 8479 1017.6 6946.05 12 5328.56
0.00291186 3.83212e-06 0 0 0 0 0 0 8461 1019.49 6949.73 12 8081.59
0.00291569 3.83212e-06 0 0 0 0 0 0 8467 1020.88 6948.59 12 6110.74
0.00291953 3.83212e-06 0 0 0 0 0 0 8458 1021.9 6949.96 12 8328.43
0.00292336 3.83212e-06 0 0 0 0 0 0 8449 1024.49 6940.64 12 3262.37
0.00292719 3.83212e-06 0 0 0 0 0 0 8443 1025.6 6941.3 12 7541.44
0.00293102 3.83212e-06 0 0 0 0 0 0 8437 1030.9 6913.85 12 1594.14
0.00293485 3.83212e-06 0 0 0 0 0 0 8434 1034.09 6900.67 12 2643.22
0.00293869 3.83212e-06 0 0 0 0 0 0 8434 1037.06 6889.03 12 2839.17
0.00294252 3.83212e-06 0 0 0 0 0 0 8428 1039.38 6881.76 12 3631.47
0.00294635 3.83212e-06 0 0 0 0 0 0 8425 1040.89 6879.85 12 5566.62
0.00295018 3.83212e-06 0 0 0 0 0 0 8437 1042.44 6877.72 12 5448.35
0.00295401 3.83212e-06 0 0 0 0 0 0 8419 1044.06 6875.11 12 5197.32
0.00296168 3.83212e-06 0 0 0 0 0 0 8449 1045.64 6880.89 12 9529.9
0.00296551 3.83212e-06 0 0 0 0 0 0 8440 1047.1 6879.31 12 5752.36
0.00297318 3.83212e-06 0 0 0 0 0 0 8434 1048.52 6886.09 12 11818.9
0.00298084 3.83212e-06 0 0 0 0 0 0 8410 1050.3 6890.5 12 10407.7
0.0029885 3.83212e-06 0 0 0 0 0 0 8395 1052.03 6895.08 12 9423.76
0.00299617 3.83212e-06 0 0 0 0 0 0 8362 1053.38 6902.13 12 12878.5
0.00300385 3.84615e-06 0 0 0 0 0 0 8353 1055.13 6906.54 12 8007.16
0.00301154 3.84615e-06 0 0 0 0 0 0 8341 1057.26 6908.44 12 5820.43
0.00301923 3.84615e-06 0 0 0 0 0 0 8329 1058.98 6912.92 12 9593.31
0.00302692 3.84615e-06 0 0 0 0 0 0 8311 1060.67 6917.56 12 9839.17
0.00303462 3.84615e-06 0 0 0 0 0 0 8293 1062.36 6922.2 12 9845.22
0.00304231 3.84615e-06 0 0 0 0 0 0 8287 1063.99 6927.15 12 10526.8
0.00305 3.84615e-06 0 0 0 0 0 0 8272 1065.52 6932.78 12 11570.8
0.00305769 3.84615e-06 0 0 0 0 0 0 8278 1067.72 6933.98 12 5399.48
0.00306538 3.84615e-06 0 0 0 0 0 0 8284 1069.42 6938.48 12 9782.23
0.00307308 3.84615e-06 0 0 0 0 0 0 8299 1071.12 6942.94 12 9796.94
0.00308077 3.84615e-06 0 0 0 0 0 0 8308 1072.82 6947.45 12 9801.98
0.00308846 3.84615e-06 0 0 0 0 0 0 8317 1074.59 6951.44 12 8971.74
0.00309615 3.84615e-06 0 0 0 0 0 0 8305 1076.26 6956.09 12 9789.94
0.0031 3.84615e-06 0 0 0 0 0 0 8293 1077.83 6953.68 12 5297.98
0.00310769 3.84615e-06 0 0 0 0 0 0 8281 1079.53 6958.1 12 9758.68
0.00311538 3.84615e-06 0 0 0 0 0 0 8290 1081.22 6962.53 12 9833.67
0.00312308 3.84615e-06 0 0 0 0 0 0 8275 1082.92 6966.91 12 9814.55
0.00312692 3.84615e-06 0 0 0 0 0 0 8257 1084.66 6963.34 12 4743.46
0.00313462 3.84615e-06 0 0 0 0 0 0 8248 1086.32 6967.85 12 9878.74
0.00313846 3.84615e-06 0 0 0 0 0 0 8242 1087.98 6964.81 12 4972.21
0.00314615 3.84615e-06 0 0 0 0 0 0 8233 1089.65 6969.23 12 9868.31
0.00315385 3.84615e-06 0 0 0 0 0 0 8224 1091.28 6973.9 12 10457.5
0.00316154 3.84615e-06 0 0 0 0 0 0 8215 1092.46 6981.48 12 13546.9
0.00316923 3.84615e-06 0 0 0 0 0 0 8209 1094.1 6985.99 12 9719.36
0.00317692 3.84615e-06 0 0 0 0 0 0 8191 1096.05 6988.52 12 7381.26
0.00318462 3.84615e-06 0 0 0 0 0 0 8185 1098.3 6989.08 12 5544.3
0.00319231 3.84615e-06 0 0 0 0 0 0 8158 1099.99 6993.18 12 9600.2
0.0032 3.84615e-06 0 0 0 0 0 0 8170 1101.49 6998.49 12 11247.7
0.00320769 3.84615e-06 0 0 0 0 0 0 8173 1102.84 7004.74 12 11813.8
0.00321538 3.84615e-06 0 0 0 0 0 0 8161 1104.4 7009.67 12 10051.1
0.00322308 3.84615e-06 0 0 0 0 0 0 8179 1106.07 7013.85 12 9566.27
0.00323077 3.84615e-06 0 0 0 0 0 0 8170 1108.42 7013.72 12 5440.78
0.00323846 3.84615e-06 0 0 0 0 0 0 8155 1109.75 7020 12 11967.7
0.00324615 3.84615e-06 0 0 0 0 0 0 8155 1111.22 7025.39 12 10368.1
0.00325385 3.84615e-06 0 0 0 0 0 0 8164 1112.9 7029.51 12 9708.53
0.00326154 3.84615e-06 0 0 0 0 0 0 8155 1114.57 7033.57 12 9781.11
0.00326923 3.84615e-06 0 0 0 0 0 0 8155 1116.24 7037.64 12 9781.51
0.00327692 3.84615e-06 0 0 0 0 0 0 8140 1118.29 7039.35 12 6774.18
0.00328462 3.84615e-06 0 0 0 0 0 0 8134 1119.68 7045.11 12 10465.3
0.00329231 3.84615e-06 0 0 0 0 0 0 8128 1121.35 7049.11 12 9766.21
0.0033 3.84615e-06 0 0 0 0 0 0 8107 1123.09 7052.62 12 9850.83
0.00330769 3.84615e-06 0 0 0 0 0 0 8095 1124.77 7056.52 12 9712.87
0.00331538 3.84615e-06 0 0 0 0 0 0 8092 1126.35 7060.99 12 10353
0.00332308 3.84615e-06 0 0 0 0 0 0 8062 1128.36 7062.72 12 6739.09
0.00333077 3.84615e-06 0 0 0 0 0 0 8038 1129.97 7066.86 12 9637.08
0.00333846 3.84615e-06 0 0 0 0 0 0 8038 1131.63 7070.74 12 9707.47
0.00334615 3.84615e-06 0 0 0 0 0 0 8029 1132.96 7076.56 12 14040.3
0.00335385 3.84615e-06 0 0 0 0 0 0 8020 1134.39 7081.84 12 10080.4
0.00336154 3.84615e-06 0 0 0 0 0 0 8014 1135.71 7087.71 12 13177
0.00336923 3.84615e-06 0 0 0 0 0 0 8002 1137.14 7092.88 12 10223.5
0.00337308 3.84615e-06 0 0 0 0 0 0 8011 1138.6 7090.83 12 5491.73
0.00338077 3.84615e-06 0 0 0 0 0 0 8011 1139.79 7097.46 12 12987.9
0.00338846 3.84615e-06 0 0 0 0 0 0 8011 1141.4 7101.45 12 9626.14
0.00339615 3.84615e-06 0 0 0 0 0 0 8002 1143.06 7105.16 12 9687.32
0.0034 3.84615e-06 0 0 0 0 0 0 7999 1144.7 7101.97 12 4880.21
0.00340769 3.84615e-06 0 0 0 0 0 0 8002 1146.34 7105.75 12 9577.07
0.00341538 3.84615e-06 0 0 0 0 0 0 7990 1148.74 7104.81 12 5064.56
0.00342308 3.84615e-06 0 0 0 0 0 0 7990 1150.44 7108.21 12 9268.87
0.00343077 3.84615e-06 0 0 0 0 0 0 8002 1152.17 7111.45 12 9780.58
0.00343846 3.84615e-06 0 0 0 0 0 0 7978 1153.8 7115.21 12 10419.2
0.00344615 3.84615e-06 0 0 0 0 0 0 7975 1155.11 7120.98 12 10615.7
0.00345 3.84615e-06 0 0 0 0 0 0 7981 1157.71 7111.91 12 3074.94
0.00345385 3.84615e-06 0 0 0 0 0 0 7960 1159.5 7107.8 12 4446.65
0.00346154 3.84615e-06 0 0 0 0 0 0 7975 1161.23 7110.91 12 8266.18
0.00346923 3.84615e-06 0 0 0 0 0 0 7948 1162.96 7114.02 12 9668.96
0.00347692 3.84615e-06 0 0 0 0 0 0 7933 1164.61 7117.58 12 9445.25
0.00348462 3.84615e-06 0 0 0 0 0 0 7936 1166.31 7120.78 12 9399.2
0.00349231 3.84615e-06 0 0 0 0 0 0 7900 1167.99 7124.12 12 9423.22
0.00349615 3.84615e-06 0 0 0 0 0 0 7879 1169.08 7124.18 12 7193.81
0.00350385 3.84615e-06 0 0 0 0 0 0 7879 1170.59 7128.49 12 11759.6
0.00351154 3.84615e-06 0 0 0 0 0 0 7873 1172.25 7131.79 12 9307.08
0.00351923 3.84615e-06 0 0 0 0 0 0 7870 1173.92 7135.1 12 9479.56
0.00352692 3.84615e-06 0 0 0 0 0 0 7867 1175.54 7138.63 12 10217.9
0.00353077 3.84615e-06 0 0 0 0 0 0 7855 1177.29 7134.67 12 4481.44
0.00353846 3.84615e-06 0 0 0 0 0 0 7843 1179.19 7136.52 12 7531.95
0.00354615 3.84615e-06 0 0 0 0 0 0 7840 1180.73 7140.46 12 9688.15
0.00355385 3.84615e-06 0 0 0 0 0 0 7858 1182.43 7143.53 12 9450.74
0.00356154 3.84615e-06 0 0 0 0 0 0 7852 1184.11 7146.62 12 9391.3
0.00356923 3.84615e-06 0 0 0 0 0 0 7858 1185.42 7151.96 12 13199.8
0.00357692 3.84615e-06 0 0 0 0 0 0 7843 1186.87 7156.46 12 9921.46
0.00358462 3.84615e-06 0 0 0 0 0 0 7840 1189.25 7155.36 12 5080.58
0.00359231 3.84615e-06 0 0 0 0 0 0 7843 1190.78 7159.32 12 10379.5
0.0036 3.84615e-06 0 0 0 0 0 0 7822 1192.06 7164.77 12 11176.2
0.00360769 3.84615e-06 0 0 0 0 0 0 7819 1193.67 7168.21 12 9691.78
0.00361538 3.84615e-06 0 0 0 0 0 0 7816 1195.35 7171.2 12 9238.73
0.00362308 3.84615e-06 0 0 0 0 0 0 7798 1197.02 7174.22 12 9560.53
0.00363077 3.84615e-06 0 0 0 0 0 0 7792 1199.45 7172.66 12 4992.58
0.00363846 3.84615e-06 0 0 0 0 0 0 7774 1200.73 7177.95 12 13059.9
0.00364615 3.84615e-06 0 0 0 0 0 0 7783 1202.27 7181.71 12 9322.53
0.00365385 3.84615e-06 0 0 0 0 0 0 7765 1204.73 7179.94 12 4807.56
0.00366154 3.84615e-06 0 0 0 0 0 0 7762 1206.36 7183.09 12 9327.75
0.00366923 3.84615e-06 0 0 0 0 0 0 7738 1208.05 7185.84 12 9444.44
0.00367308 3.84615e-06 0 0 0 0 0 0 7735 1209.27 7184.99 12 6342.27
0.00368077 3.84615e-06 0 0 0 0 0 0 7735 1210.65 7189.57 12 9832.07
0.00368846 3.84615e-06 0 0 0 0 0 0 7723 1212.3 7192.55 12 9454.96
0.00369615 3.84615e-06 0 0 0 0 0 0 7711 1213.95 7195.49 12 9336.31
0.00370385 3.84615e-06 0 0 0 0 0 0 7696 1215.46 7199.24 12 10193.7
0.00370769 3.84615e-06 0 0 0 0 0 0 7696 1216.62 7198.7 12 6631.45
0.00371538 3.84615e-06 0 0 0 0 0 0 7696 1218.27 7201.59 12 9357.6
0.00371923 3.84615e-06 0 0 0 0 0 0 7696 1219.51 7200.56 12 6191.28
0.00372692 3.84615e-06 0 0 0 0 0 0 7693 1220.96 7204.61 12 9755.14
0.00373462 3.84615e-06 0 0 0 0 0 0 7678 1222.6 7207.52 12 9179.97
0.00374231 3.84615e-06 0 0 0 0 0 0 7663 1224.27 7210.21 12 9048.25
0.00375 3.84615e-06 0 0 0 0 0 0 7654 1225.5 7215.45 12 12561.4
0.00375769 3.84615e-06 0 0 0 0 0 0 7657 1226.9 7219.73 12 11077.6
0.00376538 3.84615e-06 0 0 0 0 0 0 7636 1228.22 7224.43 12 12895.3
0.00377308 3.84615e-06 0 0 0 0 0 0 7639 1229.98 7226.5 12 9826.33
0.00378077 3.84615e-06 0 0 0 0 0 0 7630 1231.37 7230.71 12 9770.45
0.00378846 3.84615e-06 0 0 0 0 0 0 7639 1233.01 7233.47 12 9347.96
0.00379615 3.84615e-06 0 0 0 0 0 0 7621 1234.45 7237.43 12 11370.9
0.00380385 3.84615e-06 0 0 0 0 0 0 7615 1235.71 7242.35 12 11691.5
0.00381154 3.84615e-06 0 0 0 0 0 0 7624 1237.33 7245.21 12 9467.55
0.00381923 3.84615e-06 0 0 0 0 0 0 7615 1238.76 7249.17 12 10937.8
0.00382308 3.84615e-06 0 0 0 0 0 0 7606 1239.97 7248.21 12 6270.67
0.00383077 3.84615e-06 0 0 0 0 0 0 7591 1241.56 7251.18 12 9535.87
0.00383846 3.84615e-06 0 0 0 0 0 0 7603 1243.03 7254.79 12 11142.1
0.00384615 3.84615e-06 0 0 0 0 0 0 7591 1244.2 7260.18 12 12553.6
0.00385385 3.84615e-06 0 0 0 0 0 0 7591 1245.79 7263.13 12 9566.32
0.00386154 3.84615e-06 0 0 0 0 0 0 7579 1247.27 7266.67 12 11791
0.00386923 3.84615e-06 0 0 0 0 0 0 7570 1248.49 7271.68 12 11559.6
0.00387308 3.84615e-06 0 0 0 0 0 0 7546 1249.99 7268.99 12 5032.07
0.00388077 3.84615e-06 0 0 0 0 0 0 7555 1251.69 7271.19 12 7901.41
0.00388462 3.84615e-06 0 0 0 0 0 0 7555 1253.55 7266.39 12 4048.83
0.00388846 3.84615e-06 0 0 0 0 0 0 7552 1254.95 7264.32 12 5405.84
0.00389231 3.84615e-06 0 0 0 0 0 0 7543 1256.33 7262.34 12 5465.06
0.00389615 3.84615e-06 0 0 0 0 0 0 7540 1257.4 7262.15 12 7033.94
0.0039 3.84615e-06 0 0 0 0 0 0 7543 1258.56 7261.46 12 6515.67
0.00390385 3.84615e-06 0 0 0 0 0 0 7531 1260.15 7258.3 12 4748.48
0.00391154 3.84615e-06 0 0 0 0 0 0 7537 1262.04 7259.37 12 6511.66
0.00391538 3.84615e-06 0 0 0 0 0 0 7525 1264.47 7251.33 12 3087.9
0.00392308 3.84615e-06 0 0 0 0 0 0 7513 1266.19 7253.39 12 7427.42
0.00393077 3.84615e-06 0 0 0 0 0 0 7501 1269.26 7247.67 12 3211.5
0.00393462 3.84615e-06 0 0 0 0 0 0 7501 1270.86 7244.46 12 4696.04
0.00394231 3.84615e-06 0 0 0 0 0 0 7489 1272.34 7247.77 12 11003.8
0.00395 3.84615e-06 0 0 0 0 0 0 7483 1273.51 7252.88 12 12250.8
0.00395769 3.84615e-06 0 0 0 0 0 0 7474 1275.12 7255.48 12 9311.68
0.00396538 3.84615e-06 0 0 0 0 0 0 7468 1276.92 7256.93 12 6651.66
0.00397308 3.84615e-06 0 0 0 0 0 0 7456 1278.54 7259.42 12 9024.32
0.00398077 3.84615e-06 0 0 0 0 0 0 7435 1280.41 7260.42 12 6939.52
0.00398462 3.84615e-06 0 0 0 0 0 0 7423 1285.76 7235.97 12 1386.7
0.00398846 3.84615e-06 0 0 0 0 0 0 7414 1287.54 7231.77 12 4183.81
0.00399231 3.84615e-06 0 0 0 0 0 0 7408 1288.99 7229.39 12 5114.81
0.00399615 3.84615e-06 0 0 0 0 0 0 7408 1290.31 7227.72 12 5602.8
0.00400385 3.84615e-06 0 0 0 0 0 0 7405 1292.71 7225.74 12 4493.03
0.00400769 3.84615e-06 0 0 0 0 0 0 7411 1294.1 7223.71 12 5331.8
0.00401538 3.84615e-06 0 0 0 0 0 0 7399 1295.5 7227.35 12 10127.5
0.00402308 3.84615e-06 0 0 0 0 0 0 7390 1297.01 7230.32 12 7968.57
0.00403077 3.84615e-06 0 0 0 0 0 0 7384 1298.51 7233.31 12 9323.23
0.00403462 3.84615e-06 0 0 0 0 0 0 7369 1299.62 7232.82 12 6658.26
0.00403848 3.86154e-06 0 0 0 0 0 0 7357 1300.83 7231.73 12 6059.68
0.0040462 3.86154e-06 0 0 0 0 0 0 7354 1303.02 7230.88 12 4865.48
0.00405392 3.86154e-06 0 0 0 0 0 0 7354 1307.02 7220.01 12 2260.66
0.00405778 3.86154e-06 0 0 0 0 0 0 7354 1308.04 7220.02 12 7237.18
0.00406165 3.86154e-06 0 0 0 0 0 0 7333 1309.83 7215.74 12 4093.24
0.00406551 3.86154e-06 0 0 0 0 0 0 7339 1311.15 7214.05 12 5541.01
0.00406937 3.86154e-06 0 0 0 0 0 0 7354 1313.03 7209.32 12 3910.03
0.00407323 3.86154e-06 0 0 0 0 0 0 7342 1314.26 7208.17 12 5977.94
0.00407709 3.86154e-06 0 0 0 0 0 0 7345 1315.6 7206.4 12 5473.04
0.00408482 3.86154e-06 0 0 0 0 0 0 7351 1317.52 7207.05 12 7276.39
0.00409254 3.86154e-06 0 0 0 0 0 0 7345 1319.39 7207.97 12 6403.03
0.0040964 3.86154e-06 0 0 0 0 0 0 7330 1320.5 7207.48 12 6627.26
0.00410412 3.86154e-06 0 0 0 0 0 0 7330 1323.11 7204.36 12 4347.53
0.00410798 3.86154e-06 0 0 0 0 0 0 7327 1324.75 7200.99 12 4478.25
0.00411571 3.86154e-06 0 0 0 0 0 0 7324 1326.11 7204.6 12 10727.1
0.00412343 3.86154e-06 0 0 0 0 0 0 7327 1327.67 7207.18 12 8975.09
0.00413115 3.86154e-06 0 0 0 0 0 0 7318 1329.31 7209.32 12 9119.33
0.00413888 3.86154e-06 0 0 0 0 0 0 7309 1330.96 7211.36 12 9154.49
0.0041466 3.86154e-06 0 0 0 0 0 0 7273 1332.17 7215.76 12 12762.2
0.00415046 3.86154e-06 0 0 0 0 0 0 7258 1333.32 7214.95 12 6280.06
0.00415818 3.86154e-06 0 0 0 0 0 0 7249 1334.62 7218.79 12 10599.3
0.00416593 3.87942e-06 0 0 0 0 0 0 7258 1336.55 7219.22 12 6090.42
0.00417368 3.87942e-06 0 0 0 0 0 0 7255 1337.91 7222.75 12 9793.11
0.00418143 3.8612e-06 0 0 0 0 0 0 7249 1339.57 7224.6 12 10007
0.00418915 3.8612e-06 0 0 0 0 0 0 7261 1341.21 7226.63 12 8898.49
0.00419687 3.8612e-06 0 0 0 0 0 0 7249 1343.52 7224.98 12 4844.56
0.00420459 3.8612e-06 0 0 0 0 0 0 7228 1344.97 7227.98 12 10865
0.00421231 3.8612e-06 0 0 0 0 0 0 7234 1346.2 7232.09 12 11359.9
0.00422004 3.8612e-06 0 0 0 0 0 0 7237 1347.86 7233.95 12 8440.21
0.00422776 3.8612e-06 0 0 0 0 0 0 7228 1349.55 7235.61 12 9110.86
0.00423548 3.8612e-06 0 0 0 0 0 0 7231 1351.14 7237.78 12 9079.31
0.0042432 3.8612e-06 0 0 0 0 0 0 7228 1353.35 7236.63 12 5422.87
0.00425093 3.8612e-06 0 0 0 0 0 0 7207 1354.63 7240.47 12 11532.8
0.00425865 3.8612e-06 0 0 0 0 0 0 7225 1356.25 7242.46 12 8627.75
0.00426637 3.8612e-06 0 0 0 0 0 0 7219 1357.83 7244.69 12 9189.15
0.00427409 3.8612e-06 0 0 0 0 0 0 7213 1359.02 7248.93 12 12816.3
0.00428182 3.8612e-06 0 0 0 0 0 0 7210 1360.53 7251.49 12 8662.48
0.00428954 3.8612e-06 0 0 0 0 0 0 7222 1362.12 7253.67 12 9139.39
0.0042934 3.8612e-06 0 0 0 0 0 0 7210 1363.34 7252.48 12 5926.71
0.00430112 3.8612e-06 0 0 0 0 0 0 7195 1364.79 7255.31 12 8902.57
0.00430884 3.8612e-06 0 0 0 0 0 0 7159 1366.39 7257.29 12 8995.02
0.00431657 3.8612e-06 0 0 0 0 0 0 7153 1367.6 7261.37 12 13789.4
0.00432429 3.8612e-06 0 0 0 0 0 0 7156 1369.16 7263.54 12 8697.36
0.00433201 3.8612e-06 0 0 0 0 0 0 7159 1370.63 7266.19 12 10347
0.00433973 3.8612e-06 0 0 0 0 0 0 7165 1371.86 7270.07 12 11324.1
0.00434746 3.8612e-06 0 0 0 0 0 0 7162 1373.63 7271.15 12 6583.88
0.00435518 3.8612e-06 0 0 0 0 0 0 7162 1375.21 7273.23 12 9122.35
0.0043629 3.8612e-06 0 0 0 0 0 0 7135 1376.61 7276.18 12 12004.6
0.00437062 3.8612e-06 0 0 0 0 0 0 7129 1377.99 7279.26 12 8785.69
0.00437835 3.8612e-06 0 0 0 0 0 0 7123 1379.56 7281.3 12 9099.82
0.00438607 3.8612e-06 0 0 0 0 0 0 7144 1380.78 7285.19 12 12388.8
0.00439379 3.8612e-06 0 0 0 0 0 0 7135 1382.32 7287.4 12 8349.48
0.00439765 3.8612e-06 0 0 0 0 0 0 7147 1384.63 7280.38 12 3088.25
0.00440537 3.8612e-06 0 0 0 0 0 0 7141 1386.24 7282.25 12 8724.98
0.0044131 3.8612e-06 0 0 0 0 0 0 7153 1387.77 7284.53 12 9710.77
0.00442082 3.8612e-06 0 0 0 0 0 0 7177 1389.07 7288.07 12 9733.89
0.00442854 3.8612e-06 0 0 0 0 0 0 7168 1390.65 7290.07 12 9008.76
0.00443626 3.8612e-06 0 0 0 0 0 0 7171 1392.41 7291.13 12 7475.56
0.00444013 3.8612e-06 0 0 0 0 0 0 7174 1393.97 7288.14 12 4611.22
0.00444785 3.8612e-06 0 0 0 0 0 0 7168 1395.57 7290.1 12 9091.06
0.00445557 3.8612e-06 0 0 0 0 0 0 7168 1396.75 7294.18 12 11531.9
0.00446329 3.8612e-06 0 0 0 0 0 0 7147 1398.64 7294.54 12 6217.31
0.00447102 3.8612e-06 0 0 0 0 0 0 7123 1400.94 7292.76 12 5042.87
0.00447874 3.8612e-06 0 0 0 0 0 0 7135 1402.25 7296.13 12 12843.4
0.00448646 3.8612e-06 0 0 0 0 0 0 7132 1404.36 7295.31 12 4699.43
0.00449418 3.8612e-06 0 0 0 0 0 0 7132 1405.64 7298.81 12 14009.8
0.0045019 3.8612e-06 0 0 0 0 0 0 7138 1406.97 7302.08 12 9674.43
0.00450963 3.8612e-06 0 0 0 0 0 0 7129 1408.59 7303.81 12 8581.41
0.00451735 3.8612e-06 0 0 0 0 0 0 7135 1410.22 7305.48 12 8636.53
0.00452507 3.8612e-06 0 0 0 0 0 0 7126 1411.49 7308.98 12 14197.5
0.00453279 3.8612e-06 0 0 0 0 0 0 7114 1412.82 7312.15 12 9997.84
0.00453666 3.8612e-06 0 0 0 0 0 0 7126 1414.37 7309.22 12 4622.04
0.00454438 3.8612e-06 0 0 0 0 0 0 7123 1415.53 7313.3 12 12563.3
0.0045521 3.8612e-06 0 0 0 0 0 0 7117 1417.03 7315.59 12 8776.04
0.00455982 3.8612e-06 0 0 0 0 0 0 7117 1418.38 7318.67 12 11513.1
0.00456755 3.8612e-06 0 0 0 0 0 0 7126 1419.64 7322.22 12 10084.7
0.00457527 3.8612e-06 0 0 0 0 0 0 7126 1421 7325.2 12 12027.5
0.00458299 3.8612e-06 0 0 0 0 0 0 7117 1422.22 7328.96 12 11370.3
0.00459071 3.8612e-06 0 0 0 0 0 0 7126 1424.08 7329.38 12 6579.8
0.00459843 3.8612e-06 0 0 0 0 0 0 7132 1425.52 7331.98 12 9840.23
0.00460616 3.8612e-06 0 0 0 0 0 0 7129 1427.07 7334.04 12 9246.7
0.00461388 3.8612e-06 0 0 0 0 0 0 7114 1428.2 7338.2 12 12596.7
0.0046216 3.8612e-06 0 0 0 0 0 0 7102 1429.66 7340.64 12 9260.51
0.00462932 3.8612e-06 0 0 0 0 0 0 7081 1430.83 7344.55 12 12932.7
0.00463705 3.8612e-06 0 0 0 0 0 0 7081 1432.29 7346.94 12 9088.91
0.00464477 3.8612e-06 0 0 0 0 0 0 7081 1433.7 7349.58 12 11130.1
0.00464863 3.8612e-06 0 0 0 0 0 0 7087 1434.83 7348.73 12 6274.89
0.00465635 3.8612e-06 0 0 0 0 0 0 7090 1436.38 7350.7 12 9161.9
0.00466408 3.8612e-06 0 0 0 0 0 0 7093 1437.69 7353.84 12 13090.4
0.0046718 3.8612e-06 0 0 0 0 0 0 7069 1438.97 7357.16 12 9856.28
0.00467952 3.8612e-06 0 0 0 0 0 0 7069 1440.4 7359.64 12 10713.8
0.00468724 3.8612e-06 0 0 0 0 0 0 7057 1441.59 7363.36 12 11007.2
0.00469496 3.8612e-06 0 0 0 0 0 0 7051 1443 7365.95 12 11047.6
0.00469883 3.8612e-06 0 0 0 0 0 0 7045 1444.92 7361.05 12 3672.24
0.00470655 3.8612e-06 0 0 0 0 0 0 7045 1446.76 7361.43 12 7185.23
0.00471427 3.8612e-06 0 0 0 0 0 0 7045 1448.17 7363.96 12 10840.4
0.00472199 3.8612e-06 0 0 0 0 0 0 7045 1449.53 7366.8 12 9710.69
0.00472972 3.8612e-06 0 0 0 0 0 0 7057 1451.2 7368.05 12 8016.46
0.00473744 3.8612e-06 0 0 0 0 0 0 7063 1453.71 7365.01 12 4072.98
0.0047413 3.8612e-06 0 0 0 0 0 0 7054 1455.42 7361.19 12 4120.87
0.00474902 3.8612e-06 0 0 0 0 0 0 7048 1457.13 7362.26 12 7786.04
0.00475674 3.8612e-06 0 0 0 0 0 0 7054 1458.78 7363.62 12 9079.21
0.00476447 3.8612e-06 0 0 0 0 0 0 7039 1460.47 7364.7 12 8966.55
0.00477219 3.8612e-06 0 0 0 0 0 0 7045 1461.79 7367.72 12 13122.9
0.00477991 3.8612e-06 0 0 0 0 0 0 7030 1463.07 7370.9 12 9688.81
0.00478763 3.8612e-06 0 0 0 0 0 0 7018 1464.85 7371.53 12 7132.29
0.00479536 3.8612e-06 0 0 0 0 0 0 7009 1466.33 7373.63 12 9150.06
0.00480308 3.8612e-06 0 0 0 0 0 0 7027 1467.55 7377.09 12 11825.6
0.0048108 3.8612e-06 0 0 0 0 0 0 7027 1468.91 7379.84 12 9195.48
0.00481852 3.8612e-06 0 0 0 0 0 0 7018 1470.59 7380.92 12 7794.7
0.00482625 3.8612e-06 0 0 0 0 0 0 7018 1472.18 7382.48 12 9124.61
0.00483397 3.8612e-06 0 0 0 0 0 0 6997 1473.29 7386.44 12 12630.4
0.00484169 3.8612e-06 0 0 0 0 0 0 6994 1475 7387.36 12 7122.95
0.00484941 3.8612e-06 0 0 0 0 0 0 6976 1476.57 7388.93 12 8870.88
0.00485714 3.8612e-06 0 0 0 0 0 0 6979 1478.24 7390.05 12 7768.92
0.00486486 3.8612e-06 0 0 0 0 0 0 6976 1479.66 7392.41 12 11552.5
0.00487258 3.8612e-06 0 0 0 0 0 0 6976 1480.74 7396.43 12 13315.7
0.0048803 3.8612e-06 0 0 0 0 0 0 6979 1481.96 7399.72 12 10093
0.00488803 3.8612e-06 0 0 0 0 0 0 6976 1483.41 7401.94 12 10542.5
0.00489575 3.8612e-06 0 0 0 0 0 0 6982 1485.27 7402.06 12 5245.71
0.00490347 3.8612e-06 0 0 0 0 0 0 6967 1486.47 7405.44 12 10640.8
0.00491119 3.8612e-06 0 0 0 0 0 0 6970 1487.75 7408.44 12 13517.6
0.00491891 3.8612e-06 0 0 0 0 0 0 6967 1489.09 7411.17 12 9030.72
0.00492664 3.8612e-06 0 0 0 0 0 0 6970 1490.43 7413.82 12 12160.1
0.00493436 3.8612e-06 0 0 0 0 0 0 6934 1491.7 7416.82 12 10463.2
0.00494208 3.8612e-06 0 0 0 0 0 0 6919 1492.92 7420.05 12 14108.3
0.0049498 3.8612e-06 0 0 0 0 0 0 6928 1494.32 7422.34 12 9105.59
0.00495753 3.8612e-06 0 0 0 0 0 0 6916 1495.93 7423.61 12 10150.8
0.00496525 3.8612e-06 0 0 0 0 0 0 6910 1497.06 7427.23 12 11181
0.00497297 3.8612e-06 0 0 0 0 0 0 6910 1498.52 7429.25 12 10037.6
0.00498069 3.8612e-06 0 0 0 0 0 0 6907 1499.64 7432.89 12 12677
0.00498842 3.8612e-06 0 0 0 0 0 0 6883 1501.16 7434.56 12 9091.82
0.00499614 3.8612e-06 0 0 0 0 0 0 6880 1502.39 7437.62 12 13716.4
0.00500386 3.861e-06 0 0 0 0 0 0 6865 1505.98 7429.03 12 2336.99
0.00501191 4.18683e-06 0 0 0 0 0 0 6769 1507.37 7431.17 12 8847.98
0.00502124 4.82147e-06 0 0 0 0 0 0 6721 1508.63 7433.88 12 13642.9
0.00503172 5.34963e-06 0 0 0 0 0 0 6724 1509.95 7436.28 12 9592.63
0.00504311 5.79932e-06 0 0 0 0 0 0 6709 1511.29 7438.59 12 11760.7
0.00505493 5.94386e-06 0 0 0 0 0 0 6700 1512.54 7441.33 12 8993.71
0.00506741 6.34416e-06 0 0 0 0 0 0 6685 1514.06 7442.68 12 8786.11
0.00508045 6.61543e-06 0 0 0 0 0 0 6664 1515.78 7443.04 12 7798.65
0.00509413 6.91503e-06 0 0 0 0 0 0 6637 1517.18 7444.94 12 10331.6
0.0051084 7.19033e-06 0 0 0 0 0 0 6607 1518.31 7448.09 12 10427.3
0.00512326 7.4935e-06 0 0 0 0 0 0 6598 1519.82 7449.37 12 8825.35
0.00513864 7.75996e-06 0 0 0 0 0 0 6556 1521.53 7449.62 12 8756.91
0.0051546 8.05144e-06 0 0 0 0 0 0 6526 1522.71 7452.47 12 13857.5
0.00517102 8.28983e-06 0 0 0 0 0 0 6508 1524.03 7454.56 12 9573.25
0.00518785 8.45989e-06 0 0 0 0 0 0 6487 1525.82 7454.31 12 4940.28
0.00520513 8.73479e-06 0 0 0 0 0 0 6457 1527.22 7455.94 12 11628.1
0.0052229 8.9322e-06 0 0 0 0 0 0 6457 1528.44 7458.45 12 9477.79
0.00524097 9.03607e-06 0 0 0 0 0 0 6451 1529.85 7459.99 12 10281.8
0.00525937 9.25783e-06 0 0 0 0 0 0 6403 1531.07 7462.42 12 10283.8
0.00527801 9.37652e-06 0 0 0 0 0 0 6349 1532.35 7464.49 12 11362.6
0.00529701 9.4999e-06 0 0 0 0 0 0 6334 1533.54 7466.95 12 9246.49
0.00531627 9.63004e-06 0 0 0 0 0 0 6289 1534.75 7469.3 12 13726.7
0.00532604 9.76761e-06 0 0 0 0 0 0 6271 1535.99 7467.34 12 5045.28
0.00534572 9.91339e-06 0 0 0 0 0 0 6253 1537.16 7469.79 12 13981.9
0.0053657 1.00683e-05 0 0 0 0 0 0 6208 1538.45 7471.62 12 8355.09
0.005386 1.02333e-05 0 0 0 0 0 0 6181 1539.53 7474.4 12 12775.3
0.00540664 1.04098e-05 0 0 0 0 0 0 6142 1540.74 7476.54 12 10879
0.00542765 1.0599e-05 0 0 0 0 0 0 6127 1541.89 7478.93 12 9068.09
0.00545986 1.08029e-05 0 0 0 0 0 0 6073 1543.56 7482.68 12 8504.64
0.00548169 1.10279e-05 0 0 0 0 0 0 6040 1544.56 7485.64 12 11961
0.00549271 1.10279e-05 0 0 0 0 0 0 6019 1545.62 7484.4 12 5681.02
0.00551477 1.10279e-05 0 0 0 0 0 0 6016 1546.9 7486.01 12 9352.35
0.00553734 1.12844e-05 0 0 0 0 0 0 5968 1548.03 7488.24 12 13282.4
0.00555991 1.12844e-05 0 0 0 0 0 0 5974 1549.27 7489.94 12 8509.79
0.00559242 9.94102e-06 0 0 0 0 0 0 5962 1550.86 7493.82 12 9816.58
0.00561164 9.03164e-06 0 0 0 0 0 0 5935 1551.92 7496.36 12 9379.51
0.00563752 8.42974e-06 0 0 0 0 0 0 5908 1553.49 7500.18 12 9345.06
0.00566281 8.42974e-06 0 0 0 0 0 0 5875 1554.76 7505.42 12 15165.5
0.00567989 8.65157e-06 0 0 0 0 0 0 5845 1556.48 7504.65 12 4928.96
0.00570709 9.15342e-06 0 0 0 0 0 0 5818 1557.98 7508.61 12 9515.46
0.00572568 9.1439e-06 0 0 0 0 0 0 5794 1558.99 7511.18 12 9479.71
0.00575375 9.47128e-06 0 0 0 0 0 0 5785 1560.59 7514.65 12 8555.45
0.00578254 9.45484e-06 0 0 0 0 0 0 5755 1561.95 7519.18 12 14564.4
0.0058019 9.90507e-06 0 0 0 0 0 0 5737 1563.02 7521.38 12 10636.4
0.0058118 9.90507e-06 0 0 0 0 0 0 5722 1564.8 7516.48 12 3212.3
0.00583161 9.90507e-06 0 0 0 0 0 0 5689 1566.48 7515.69 12 4474.77
0.00586265 1.05654e-05 0 0 0 0 0 0 5650 1567.87 7519.86 12 12213.8
0.00588378 1.05654e-05 0 0 0 0 0 0 5632 1568.98 7521.75 12 8603.77
0.00591442 9.50887e-06 0 0 0 0 0 0 5581 1570.32 7526.01 12 14988.2
0.00594176 8.32026e-06 0 0 0 0 0 0 5563 1571.71 7530 12 12530.6
0.00596672 8.32026e-06 0 0 0 0 0 0 5557 1573.2 7533.44 12 10591.2
0.00599168 8.32026e-06 0 0 0 0 0 0 5518 1574.4 7538.26 12 15325.5
0.00600885 8.84956e-06 0 0 0 0 0 0 5509 1576.45 7535.43 12 3456.61
0.00603564 9.01269e-06 0 0 0 0 0 0 5500 1577.93 7538.81 12 9174.57
0.00605392 9.1852e-06 0 0 0 0 0 0 5482 1578.97 7540.79 12 8851.54
0.00608184 9.36894e-06 0 0 0 0 0 0 5449 1580.2 7545.3 12 15663.5
0.00610098 9.66692e-06 0 0 0 0 0 0 5416 1581.49 7546 12 9572.83
0.0061303 9.88296e-06 0 0 0 0 0 0 5386 1582.73 7550.36 12 15445.6
0.00615041 1.01142e-05 0 0 0 0 0 0 5377 1584.05 7550.85 12 6799.21
0.0061815 1.04936e-05 0 0 0 0 0 0 5341 1585.44 7554.35 12 10944.2
0.006192 1.04936e-05 0 0 0 0 0 0 5329 1586.5 7552.64 12 5007.29
0.00622404 1.07773e-05 0 0 0 0 0 0 5305 1588.04 7555.36 12 7962.4
0.00625698 1.10898e-05 0 0 0 0 0 0 5275 1589.38 7558.99 12 13877.1
0.00627933 1.12604e-05 0 0 0 0 0 0 5245 1590.61 7559.75 12 7615
0.00631348 1.1442e-05 0 0 0 0 0 0 5218 1591.99 7563.05 12 13271.1
0.00634839 1.16359e-05 0 0 0 0 0 0 5197 1593.43 7566 12 11099.2
0.00638393 1.18475e-05 0 0 0 0 0 0 5164 1595.07 7567.95 12 8062
0.00639578 1.18475e-05 0 0 0 0 0 0 5161 1596.67 7563.6 12 3227.15
0.00643203 1.20845e-05 0 0 0 0 0 0 5143 1598.16 7566.22 12 8896.43
0.00645647 1.2353e-05 0 0 0 0 0 0 5131 1599.2 7567.72 12 7946.94
0.00649353 1.2353e-05 0 0 0 0 0 0 5113 1600.73 7570.05 12 7890.13
0.00653091 1.26781e-05 0 0 0 0 0 0 5098 1602.05 7573.39 12 13688.2
0.00655627 1.26781e-05 0 0 0 0 0 0 5077 1603.17 7574.44 12 8362.01
0.0065943 1.26781e-05 0 0 0 0 0 0 5056 1604.52 7577.53 12 14223.2
0.00663277 1.31153e-05 0 0 0 0 0 0 5038 1605.98 7580.06 12 8567.62
0.006659 1.31153e-05 0 0 0 0 0 0 5035 1607.3 7580.08 12 12639.9
0.00669835 1.31153e-05 0 0 0 0 0 0 5023 1608.59 7583.42 12 13382.6
0.00673769 1.31153e-05 0 0 0 0 0 0 5002 1609.74 7587.31 12 14669.7
0.00677704 1.31153e-05 0 0 0 0 0 0 4990 1611.05 7590.41 12 9971.03
0.00681639 1.31153e-05 0 0 0 0 0 0 4984 1612.25 7594.06 12 14122.7
0.00685573 1.31153e-05 0 0 0 0 0 0 4972 1613.58 7597.05 12 9756.83
0.00689508 1.31153e-05 0 0 0 0 0 0 4960 1614.68 7601.08 12 15776.6
0.00693442 1.31153e-05 0 0 0 0 0 0 4948 1616.04 7603.9 12 9185.54
0.00696065 1.31153e-05 0 0 0 0 0 0 4936 1617.27 7604.21 12 14836.5
0.007 1.31153e-05 0 0 0 0 0 0 4906 1618.57 7607.24 12 9368.16
0.0070292 1.47091e-05 0 0 0 0 0 0 4900 1619.78 7607.6 12 15148.9
0.00707425 1.51762e-05 0 0 0 0 0 0 4891 1621.15 7610.24 12 9604.09
0.00712081 1.56999e-05 0 0 0 0 0 0 4867 1622.31 7613.78 12 14961.3
0.00716912 1.66177e-05 0 0 0 0 0 0 4864 1624.48 7612.61 12 3577.51
0.00722109 1.77025e-05 0 0 0 0 0 0 4864 1625.61 7616.32 12 15115.4
0.00725776 1.85559e-05 0 0 0 0 0 0 4864 1627.01 7615.73 12 5378.95
0.00731644 2.01046e-05 0 0 0 0 0 0 4864 1628.14 7619.39 12 14886.2
0.00737871 2.14239e-05 0 0 0 0 0 0 4864 1629.46 7622.19 12 9851.12
0.00744545 2.31061e-05 0 0 0 0 0 0 4864 1630.67 7625.48 12 13933.3
0.00751687 2.41564e-05 0 0 0 0 0 0 4864 1632.02 7628.1 12 9561.18
0.00759316 2.54278e-05 0 0 0 0 0 0 4864 1633.31 7631 12 13629.3
0.00767452 2.7123e-05 0 0 0 0 0 0 4864 1634.68 7633.55 12 10555
0.00776329 2.95887e-05 0 0 0 0 0 0 4864 1636.22 7635.26 12 7372.57
0.00782247 2.95887e-05 0 0 0 0 0 0 4864 1637.55 7635.04 12 11741.9
0.00791123 2.95887e-05 0 0 0 0 0 0 4864 1638.92 7637.54 12 10935.6
0.00797041 2.95887e-05 0 0 0 0 0 0 4864 1639.93 7638.77 12 13226.4
0.00803448 3.44828e-05 0 0 0 0 0 0 4864 1641.58 7637.01 12 4348.37
0.008106 3.57599e-05 0 0 0 0 0 0 4864 1642.59 7638.25 12 10605.5
0.00821328 3.57599e-05 0 0 0 0 0 0 4864 1644.06 7640.3 12 9936.63
0.00832056 3.57599e-05 0 0 0 0 0 0 4864 1645.59 7642.07 12 7354.82
0.00839208 3.57599e-05 0 0 0 0 0 0 4864 1647.27 7640.18 12 3792.02
0.00849936 3.57599e-05 0 0 0 0 0 0 4864 1648.64 7642.65 12 12319.6
0.00857088 3.57599e-05 0 0 0 0 0 0 4864 1649.68 7643.76 12 10523
0.0086424 3.57599e-05 0 0 0 0 0 0 4864 1650.7 7644.92 12 10384.9
0.00871392 3.57599e-05 0 0 0 0 0 0 4864 1651.76 7645.92 12 7845.14
0.0088212 3.57599e-05 0 0 0 0 0 0 4864 1653.14 7648.34 12 12429.9
0.00892848 3.57599e-05 0 0 0 0 0 0 4864 1654.53 7650.74 12 11184.2
0.009 3.57599e-05 0 0 0 0 0 0 4864 1655.58 7651.76 12 12489
0.00903846 3.84615e-05 0 0 0 0 0 0 4864 1657.37 7646.43 12 2715.98
0.00911538 3.84615e-05 0 0 0 0 0 0 4864 1658.53 7646.95 12 6902.18
0.00923077 3.84615e-05 0 0 0 0 0 0 4864 1660.06 7648.71 12 8610.48
0.00930769 3.84615e-05 0 0 0 0 0 0 4864 1661.13 7649.63 12 7884.02
0.00942308 3.84615e-05 0 0 0 0 0 0 4864 1662.57 7651.78 12 9438.65
0.0095 3.84615e-05 0 0 0 0 0 0 4864 1663.67 7652.54 12 7079.68
0.00961538 3.84615e-05 0 0 0 0 0 0 4864 1665.12 7654.67 12 9255.08
0.00969231 3.84615e-05 0 0 0 0 0 0 4864 1666.25 7655.28 12 9465.39
0.00976923 3.84615e-05 0 0 0 0 0 0 4864 1667.88 7653.66 12 6895.91
0.00984615 3.84615e-05 0 0 0 0 0 0 4864 1668.97 7654.51 12 11983.7
0.00992308 3.84615e-05 0 0 0 0 0 0 4864 1669.97 7655.75 12 9378.65
0.01 3.84615e-05 0 0 0 0 0 0 4864 1670.98 7656.91 12 8645.93
0.0100385 3.84615e-05 0 0 0 0 0 0 4864 1671.98 7655.24 12 4861.04
0.0101154 3.84615e-05 0 0 0 0 0 0 4864 1673.46 7654.28 12 9973.81
0.0101923 3.84615e-05 0 0 0 0 0 0 4864 1674.56 7655.09 12 11793.5
0.0102692 3.84615e-05 0 0 0 0 0 0 4864 1675.65 7655.89 12 8504.72
0.0103846 3.84615e-05 0 0 0 0 0 0 4864 1677.72 7655.15 12 4346.5
0.0104615 3.84615e-05 0 0 0 0 0 0 4864 1678.83 7655.9 12 11913.2
0.0105385 3.84615e-05 0 0 0 0 0 0 4864 1679.96 7656.51 12 7680.22
0.0106538 3.84615e-05 0 0 0 0 0 0 4864 1681.5 7658.17 12 8924.39
0.0107308 3.84615e-05 0 0 0 0 0 0 4864 1682.62 7658.9 12 7419.23
0.0108077 3.84615e-05 0 0 0 0 0 0 4864 1684.49 7656.14 12 3320.04
0.0108846 3.84615e-05 0 0 0 0 0 0 4864 1685.49 7657.36 12 11912.3
0.0109615 3.84615e-05 0 0 0 0 0 0 4864 1686.57 7658.22 12 8306.38
0.0110385 3.84615e-05 0 0 0 0 0 0 4864 1688.4 7655.68 12 3517.47
0.0111538 3.84615e-05 0 0 0 0 0 0 4864 1689.96 7657.27 12 7570.03
0.0112308 3.84615e-05 0 0 0 0 0 0 4864 1691.14 7657.67 12 7302.52
0.0113462 3.84615e-05 0 0 0 0 0 0 4864 1692.68 7659.31 12 8348.38
0.0114231 3.84615e-05 0 0 0 0 0 0 4864 1693.72 7660.39 12 7919.41
0.0115385 3.84615e-05 0 0 0 0 0 0 4864 1695.32 7661.77 12 7679.22
0.0116538 3.84615e-05 0 0 0 0 0 0 4864 1696.96 7662.94 12 7410.58
0.0116923 3.84615e-05 0 0 0 0 0 0 4864 1697.99 7661.15 12 4718.07
0.0118077 3.84615e-05 0 0 0 0 0 0 4864 1699.64 7662.31 12 7367.15
0.0119231 3.84615e-05 0 0 0 0 0 0 4864 1701.42 7662.89 12 5805.38
0.012 3.84615e-05 0 0 0 0 0 0 4864 1702.45 7663.94 12 10843.4
0.0120769 3.84615e-05 0 0 0 0 0 0 4864 1703.89 7663.17 12 7387.16
0.0121923 3.84615e-05 0 0 0 0 0 0 4864 1705.4 7664.94 12 7687.71
0.0122692 3.84615e-05 0 0 0 0 0 0 4864 1706.44 7665.98 12 7749.38
0.0123846 3.84615e-05 0 0 0 0 0 0 4864 1708.25 7666.39 12 5652.59
0.0125 3.84615e-05 0 0 0 0 0 0 4864 1709.81 7667.93 12 8163.54
0.0125769 3.84615e-05 0 0 0 0 0 0 4864 1711.01 7668.24 12 10528.7
0.0126538 3.84615e-05 0 0 0 0 0 0 4864 1712.11 7669 12 7843.98
0.0127308 3.84615e-05 0 0 0 0 0 0 4864 1713.14 7670.06 12 7932.73
0.0128462 3.84615e-05 0 0 0 0 0 0 4864 1714.59 7672.1 12 9269.58
0.0129231 3.84615e-05 0 0 0 0 0 0 4864 1715.7 7672.78 12 7354.69
0.0130385 3.84615e-05 0 0 0 0 0 0 4864 1717.5 7673.27 12 5565.38
0.0131154 3.84615e-05 0 0 0 0 0 0 4864 1718.92 7672.58 12 8503.91
0.0132308 3.84615e-05 0 0 0 0 0 0 4864 1720.29 7674.96 12 10925.4
0.0133077 3.84615e-05 0 0 0 0 0 0 4864 1721.34 7675.92 12 11991.5
0.0133846 3.84615e-05 0 0 0 0 0 0 4864 1722.36 7677.01 12 9304.57
0.0134615 3.84615e-05 0 0 0 0 0 0 4864 1723.46 7677.77 12 7210.79
0.0135769 3.84615e-05 0 0 0 0 0 0 4864 1724.9 7679.81 12 10066.1
0.0136538 3.84615e-05 0 0 0 0 0 0 4864 1725.96 7680.74 12 8076.31
0.0137308 3.84615e-05 0 0 0 0 0 0 4864 1727.04 7681.55 12 7227.51
0.0138077 3.84615e-05 0 0 0 0 0 0 4864 1728.59 7680.3 12 4782.37
0.0139231 3.84615e-05 0 0 0 0 0 0 4864 1730.03 7682.34 12 10140.9
0.014 3.84615e-05 0 0 0 0 0 0 4864 1731.12 7683.15 12 8571.41
0.0140385 3.84615e-05 0 0 0 0 0 0 4864 1732.15 7681.37 12 4706.55
0.0141538 3.84615e-05 0 0 0 0 0 0 4864 1733.68 7683.03 12 9018.5
0.0142308 3.84615e-05 0 0 0 0 0 0 4864 1734.73 7683.96 12 7712.1
0.0143462 3.84615e-05 0 0 0 0 0 0 4864 1736.19 7685.93 12 8909.45
0.0144231 3.84615e-05 0 0 0 0 0 0 4864 1737.27 7686.74 12 7341.44
0.0145 3.84615e-05 0 0 0 0 0 0 4864 1738.52 7686.8 12 5786.66
0.0145769 3.84615e-05 0 0 0 0 0 0 4864 1739.59 7687.67 12 8519.13
0.0146538 3.84615e-05 0 0 0 0 0 0 4864 1740.64 7688.62 12 8110.55
0.0147692 3.84615e-05 0 0 0 0 0 0 4864 1742.05 7690.76 12 9082.52
0.0148462 3.84615e-05 0 0 0 0 0 0 4864 1743.14 7691.53 12 7286.32
0.0148846 3.84615e-05 0 0 0 0 0 0 4864 1744.73 7687.32 12 3061.52
0.015 3.84615e-05 0 0 0 0 0 0 4864 1746.28 7688.85 12 8004.91
0.0150385 3.84615e-05 0 0 0 0 0 0 4864 1747.4 7686.72 12 4356.23
0.0150769 3.84615e-05 0 0 0 0 0 0 4864 1748.84 7683.16 12 3373.02
0.0151538 3.84615e-05 0 0 0 0 0 0 4864 1749.88 7684.17 12 7902.35
0.0152692 3.84615e-05 0 0 0 0 0 0 4864 1751.31 7686.22 12 9800.82
0.0153462 3.84615e-05 0 0 0 0 0 0 4864 1752.39 7687.03 12 7856.3
0.0154231 3.84615e-05 0 0 0 0 0 0 4864 1753.41 7688.1 12 8053.27
0.0155 3.84615e-05 0 0 0 0 0 0 4864 1754.85 7687.31 12 6901.11
0.0155769 3.84615e-05 0 0 0 0 0 0 4864 1762.2 7660.79 12 728.538
0.0156538 3.84615e-05 0 0 0 0 0 0 4864 1763.29 7661.55 12 8490.64
0.0156923 3.84615e-05 0 0 0 0 0 0 4864 1764.86 7657.51 12 3106.85
0.0157692 3.84615e-05 0 0 0 0 0 0 4864 1766.07 7657.77 12 11872.9
0.0158462 3.84615e-05 0 0 0 0 0 0 4864 1767.2 7658.38 12 8137.96
0.0159231 3.84615e-05 0 0 0 0 0 0 4864 1768.26 7659.3 12 7757.72
0.016 3.84615e-05 0 0 0 0 0 0 4864 1769.9 7657.68 12 7062.89
0.0160769 3.84615e-05 0 0 0 0 0 0 4864 1771.42 7656.63 12 8846.68
0.0161538 3.84615e-05 0 0 0 0 0 0 4864 1772.51 7657.38 12 7371
0.0162692 3.84615e-05 0 0 0 0 0 0 4864 1774.04 7659.03 12 8204.98
0.0163462 3.84615e-05 0 0 0 0 0 0 4864 1775.09 7659.96 12 7888.11
0.0164615 3.84615e-05 0 0 0 0 0 0 4864 1776.58 7661.77 12 8632.33
0.0165385 3.84615e-05 0 0 0 0 0 0 4864 1777.69 7662.43 12 7322.61
0.0166154 3.84615e-05 0 0 0 0 0 0 4864 1781.59 7651.15 12 1616.72
0.0166538 3.84615e-05 0 0 0 0 0 0 4864 1783.08 7647.46 12 3250.36
0.0167692 3.84615e-05 0 0 0 0 0 0 4864 1784.76 7648.44 12 6497.44
0.0168846 3.84615e-05 0 0 0 0 0 0 4864 1786.22 7650.34 12 8644.24
0.0169615 3.84615e-05 0 0 0 0 0 0 4864 1787.73 7649.32 12 4452
0.0170385 3.84615e-05 0 0 0 0 0 0 4864 1790.04 7644.9 12 3252.67
0.0170769 3.84615e-05 0 0 0 0 0 0 4864 1791.22 7642.57 12 4115.02
0.0171154 3.84615e-05 0 0 0 0 0 0 4864 1792.27 7640.8 12 4618.92
0.0171923 3.84615e-05 0 0 0 0 0 0 4864 1793.4 7641.42 12 8211.17
0.0172692 3.84615e-05 0 0 0 0 0 0 4864 1794.46 7642.33 12 10280.1
0.0173462 3.84615e-05 0 0 0 0 0 0 4864 1795.54 7643.15 12 7769.46
0.0174231 3.84615e-05 0 0 0 0 0 0 4864 1796.56 7644.23 12 8023.66
0.0175385 3.84615e-05 0 0 0 0 0 0 4864 1798.24 7645.22 12 6310.8
0.0176154 3.84615e-05 0 0 0 0 0 0 4864 1799.84 7643.82 12 4470.81
0.0176923 3.84615e-05 0 0 0 0 0 0 4864 1800.87 7644.82 12 7851.58
0.0178077 3.84615e-05 0 0 0 0 0 0 4864 1802.3 7646.86 12 9780.11
0.0178846 3.84615e-05 0 0 0 0 0 0 4864 1804.42 7643.29 12 2880.12
0.0179615 3.84615e-05 0 0 0 0 0 0 4864 1805.48 7644.19 12 11417.7
0.0180385 3.84615e-05 0 0 0 0 0 0 4864 1806.98 7643.22 12 5370.5
0.0181538 3.84615e-05 0 0 0 0 0 0 4864 1808.47 7645 12 8586.98
0.0182308 3.84615e-05 0 0 0 0 0 0 4864 1809.83 7644.61 12 5136.66
0.0183077 3.84615e-05 0 0 0 0 0 0 4864 1810.89 7645.53 12 10115.3
0.0183846 3.84615e-05 0 0 0 0 0 0 4864 1812.03 7646.08 12 7006.87
0.0184615 3.84615e-05 0 0 0 0 0 0 4864 1813.08 7647.03 12 7685.27
0.0185769 3.84615e-05 0 0 0 0 0 0 4864 1814.68 7648.31 12 7177.73
0.0186538 3.84615e-05 0 0 0 0 0 0 4864 1815.7 7649.38 12 8009.78
0.0187692 3.84615e-05 0 0 0 0 0 0 4864 1817.14 7651.35 12 9282.97
0.0188846 3.84615e-05 0 0 0 0 0 0 4864 1818.59 7653.25 12 10693
0.0189231 3.84615e-05 0 0 0 0 0 0 4864 1819.74 7651.12 12 4254.4
0.019 3.84615e-05 0 0 0 0 0 0 4864 1820.84 7651.81 12 7680.72
0.0190385 3.84615e-05 0 0 0 0 0 0 4864 1821.97 7649.73 12 4300.89
0.0191154 3.84615e-05 0 0 0 0 0 0 4864 1823.07 7650.46 12 11520.1
0.0191923 3.84615e-05 0 0 0 0 0 0 4864 1824.18 7651.15 12 7846.17
0.0193077 3.84615e-05 0 0 0 0 0 0 4864 1825.73 7652.64 12 8512.87
0.0193846 3.84615e-05 0 0 0 0 0 0 4864 1826.79 7653.52 12 7674.87
0.0195 3.84615e-05 0 0 0 0 0 0 4864 1828.25 7655.39 12 9263.99
0.0195769 3.84615e-05 0 0 0 0 0 0 4864 1829.41 7655.85 12 7083.35
0.0196538 3.84615e-05 0 0 0 0 0 0 4864 1831.05 7654.3 12 6848.8
0.0197692 3.84615e-05 0 0 0 0 0 0 4864 1832.5 7656.21 12 9371.44
0.0198462 3.84615e-05 0 0 0 0 0 0 4864 1833.62 7656.86 12 7032.79
0.0198846 3.84615e-05 0 0 0 0 0 0 4864 1834.88 7654.26 12 3864.61
0.0199615 3.84615e-05 0 0 0 0 0 0 4864 1836.02 7654.77 12 11684.2
