0.00825195 0.0172363 -0.807529
0.00834961 0.0172363 -1.11983
0.00834961 0.017334 -1.20685
0.00834961 0.0174316 -0.601135
0.00844727 0.0172363 -1.85413
0.00844727 0.017334 -1.25487
0.00854492 0.0172363 -1.6801
0.00854492 0.017334 -1.93845
0.00844727 0.0174316 -0.986935
0.00844727 0.0175293 -1.27101
0.00854492 0.0174316 -1.89217
0.00854492 0.0175293 -1.50887
0.00844727 0.017627 -0.822212
0.00844727 0.0177246 -0.959438
0.00854492 0.017627 -1.05654
0.00854492 0.0177246 -1.17445
0.00854492 0.0178223 -1.13207
0.00854492 0.0179199 -0.637097
0.00864258 0.0172363 -1.10593
0.00864258 0.017334 -1.35203
0.00874023 0.0172363 -0.654506
0.00874023 0.017334 -0.791828
0.00864258 0.0174316 -1.57586
0.00864258 0.0175293 -1.85469
0.00874023 0.0174316 -1.01601
0.00874023 0.0175293 -1.24059
0.00883789 0.0172363 -0.296724
0.00883789 0.017334 -0.446745
0.00893555 0.0172363 2.36134
0.00893555 0.017334 0.190764
0.00883789 0.0174316 -0.601717
0.00883789 0.0175293 -0.723442
0.00893555 0.0174316 -0.21354
0.00893555 0.0175293 -0.378518
0.00864258 0.017627 -1.93763
0.00864258 0.0177246 -1.79113
0.00874023 0.017627 -1.48809
0.00874023 0.0177246 -1.7363
0.00864258 0.0178223 -1.18283
0.00864258 0.0179199 -0.997291
0.00874023 0.0178223 -1.97389
0.00874023 0.0179199 -1.8975
0.00883789 0.017627 -0.91615
0.00883789 0.0177246 -1.14766
0.00893555 0.017627 -0.540045
0.00893555 0.0177246 -0.673025
0.00883789 0.0178223 -1.39742
0.00883789 0.0179199 -1.61967
0.00893555 0.0178223 -0.824599
0.00893555 0.0179199 -1.05054
0.0090332 0.0172363 0.568795
0.0090332 0.017334 0.760515
0.00913086 0.0172363 0.351694
0.00913086 0.017334 0.42669
0.0090332 0.0174316 1.403
0.0090332 0.0175293 0.78976
0.00913086 0.0174316 0.519045
0.00913086 0.0175293 0.655627
0.00922852 0.0175293 0.391612
0.0090332 0.017627 -0.0923532
0.0090332 0.0177246 -0.310504
0.00913086 0.017627 0.98858
0.00913086 0.0177246 2.40633
0.0090332 0.0178223 -0.46717
0.0090332 0.0179199 -0.621267
0.00913086 0.0178223 0.128714
0.00913086 0.0179199 -0.232718
0.00922852 0.017627 0.479781
0.00922852 0.0177246 0.592738
0.00932617 0.0177246 0.373304
0.00922852 0.0178223 0.798589
0.00922852 0.0179199 1.60281
0.00932617 0.0178223 0.45675
0.00932617 0.0179199 0.555916
0.00864258 0.0180176 -1.26326
0.00864258 0.0181152 -0.715747
0.00874023 0.0180176 -1.38469
0.00874023 0.0181152 -0.994499
0.00864258 0.0182129 -1.13022
0.00874023 0.0182129 -1.23599
0.00874023 0.0183105 -1.03762
0.00883789 0.0180176 -1.90138
0.00883789 0.0181152 -1.93335
0.00893555 0.0180176 -1.28613
0.00893555 0.0181152 -1.51893
0.00883789 0.0182129 -1.71368
0.00883789 0.0183105 -1.12581
0.00893555 0.0182129 -1.78568
0.00893555 0.0183105 -1.97442
0.00874023 0.0184082 -0.738582
0.00883789 0.0184082 -1.02745
0.00883789 0.0185059 -1.2312
0.00893555 0.0184082 -1.8719
0.00893555 0.0185059 -1.28073
0.00883789 0.0186035 -0.6462
0.00883789 0.0187012 -1.22818
0.00893555 0.0186035 -0.944239
0.00893555 0.0187012 -1.2298
0.0090332 0.0180176 -0.746652
0.0090332 0.0181152 -0.952684
0.00913086 0.0180176 -0.394413
0.00913086 0.0181152 -0.560172
0.0090332 0.0182129 -1.18157
0.0090332 0.0183105 -1.43249
0.00913086 0.0182129 -0.691457
0.00913086 0.0183105 -0.850941
0.00922852 0.0180176 0.626372
0.00922852 0.0181152 -0.116909
0.00932617 0.0180176 0.705863
0.00932617 0.0181152 1.10394
0.00922852 0.0182129 -0.324522
0.00922852 0.0183105 -0.48598
0.00932617 0.0182129 2.12858
0.00932617 0.0183105 0.0800247
0.0090332 0.0184082 -1.65874
0.0090332 0.0185059 -1.93648
0.00913086 0.0184082 -1.08578
0.00913086 0.0185059 -1.32506
0.0090332 0.0186035 -1.91828
0.0090332 0.0187012 -1.58565
0.00913086 0.0186035 -1.5558
0.00913086 0.0187012 -1.82369
0.00922852 0.0184082 -0.638003
0.00922852 0.0185059 -0.769121
0.00932617 0.0184082 -0.2471
0.00932617 0.0185059 -0.411679
0.00922852 0.0186035 -0.985818
0.00922852 0.0187012 -1.21195
0.00932617 0.0186035 -0.579621
0.00932617 0.0187012 -0.708914
0.00942383 0.0179199 0.208956
0.00942383 0.0180176 0.354453
0.00942383 0.0181152 0.469501
0.00942383 0.0182129 0.601041
0.00942383 0.0183105 0.839981
0.00952148 0.0182129 0.33449
0.00952148 0.0183105 0.434566
0.00942383 0.0184082 1.88539
0.00942383 0.0185059 0.482158
0.00952148 0.0184082 0.549417
0.00952148 0.0185059 0.717635
0.00942383 0.0186035 -0.143789
0.00942383 0.0187012 -0.342727
0.00952148 0.0186035 1.18068
0.00952148 0.0187012 1.72828
0.00961914 0.0184082 0.310187
0.00961914 0.0185059 0.410859
0.00961914 0.0186035 0.508679
0.00961914 0.0187012 0.63505
0.0097168 0.0187012 0.429626
0.00893555 0.0187988 -0.931171
0.00893555 0.0188965 -0.838673
0.0090332 0.0187988 -1.0657
0.0090332 0.0188965 -1.08765
0.00913086 0.0187988 -1.97045
0.00913086 0.0188965 -1.84445
0.0090332 0.0189941 -1.19909
0.0090332 0.0190918 -0.598754
0.00913086 0.0189941 -1.20611
0.00913086 0.0190918 -0.928191
0.00922852 0.0187988 -1.45706
0.00922852 0.0188965 -1.70088
0.00932617 0.0187988 -0.882643
0.00932617 0.0188965 -1.11377
0.00922852 0.0189941 -1.96738
0.00922852 0.0190918 -1.90017
0.00932617 0.0189941 -1.36505
0.00932617 0.0190918 -1.58632
0.00913086 0.0191895 -1.22535
0.00913086 0.0192871 -0.802582
0.00913086 0.0193848 -0.992921
0.00922852 0.0191895 -1.46511
0.00922852 0.0192871 -1.00264
0.00932617 0.0191895 -1.86564
0.00932617 0.0192871 -1.95567
0.00922852 0.0193848 -1.15152
0.00922852 0.0194824 -1.13304
0.00932617 0.0193848 -1.77859
0.00932617 0.0194824 -1.13677
0.00922852 0.0195801 -0.632591
0.00932617 0.0195801 -0.937257
0.00932617 0.0196777 -1.20064
0.00932617 0.0197754 -0.680721
0.00932617 0.019873 -1.11743
0.00942383 0.0187988 -0.508018
0.00942383 0.0188965 -0.65556
0.00952148 0.0187988 0.0255596
0.00952148 0.0188965 -0.2686
0.00942383 0.0189941 -0.793235
0.00942383 0.0190918 -1.02097
0.00952148 0.0189941 -0.43137
0.00952148 0.0190918 -0.598851
0.00961914 0.0187988 0.895238
0.00961914 0.0188965 2.18524
0.0097168 0.0187988 0.521609
0.0097168 0.0188965 0.62087
0.00961914 0.0189941 0.362597
0.00961914 0.0190918 -0.171501
0.0097168 0.0189941 0.793754
0.0097168 0.0190918 1.34992
0.00942383 0.0191895 -1.25207
0.00942383 0.0192871 -1.49228
0.010498 0.0213379 -0.276047
0.010498 0.0214355 -0.443421
0.0102051 0.0215332 -1.85462
0.0102051 0.0216309 -1.19286
0.0103027 0.0215332 -1.67565
0.0103027 0.0216309 -1.95582
0.0102051 0.0217285 -0.850588
0.0102051 0.0218262 -1.13184
0.0103027 0.0217285 -1.97504
0.0103027 0.0218262 -1.63983
0.0104004 0.0215332 -1.07145
0.0104004 0.0216309 -1.32187
0.010498 0.0215332 -0.613309
0.010498 0.0216309 -0.747852
0.0104004 0.0217285 -1.53834
0.0104004 0.0218262 -1.77262
0.010498 0.0217285 -0.930114
0.010498 0.0218262 -1.1689
0.0105957 0.0211426 0.703339
0.0105957 0.0212402 1.05948
0.0106934 0.0211426 0.371918
0.0106934 0.0212402 0.474033
0.0105957 0.0213379 3.00123
0.0105957 0.0214355 0.353595
0.0106934 0.0213379 0.60204
0.0106934 0.0214355 0.819771
0.010791 0.0212402 0.175187
0.010791 0.0213379 0.310522
0.010791 0.0214355 0.418412
0.0105957 0.0215332 -0.149299
0.0105957 0.0216309 -0.343112
0.0106934 0.0215332 1.48718
0.0106934 0.0216309 1.58325
0.0105957 0.0217285 -0.514701
0.0105957 0.0218262 -0.669498
0.0106934 0.0217285 0.0782251
0.0106934 0.0218262 -0.236872
0.010791 0.0215332 0.529816
0.010791 0.0216309 0.678825
0.0108887 0.0215332 0.302109
0.0108887 0.0216309 0.398742
0.010791 0.0217285 0.989475
0.010791 0.0218262 2.45535
0.0108887 0.0217285 0.493656
0.0108887 0.0218262 0.609228
0.0109863 0.0218262 0.206465
0.0102051 0.0219238 -0.933082
0.0102051 0.0220215 -0.642411
0.0103027 0.0219238 -1.01258
0.0103027 0.0220215 -0.881514
0.0103027 0.0221191 -1.16459
0.0103027 0.0222168 -0.642532
0.0104004 0.0219238 -2.02544
0.0104004 0.0220215 -1.89548
0.010498 0.0219238 -1.42027
0.010498 0.0220215 -1.62424
0.0104004 0.0221191 -1.3246
0.0104004 0.0222168 -0.885832
0.010498 0.0221191 -1.9075
0.010498 0.0222168 -2.02562
0.0103027 0.0223145 -0.972445
0.0104004 0.0223145 -1.02595
0.0104004 0.0224121 -1.02656
0.010498 0.0223145 -1.75272
0.010498 0.0224121 -1.07529
0.0104004 0.0225098 -0.522119
0.0104004 0.0226074 -1.17211
0.010498 0.0225098 -0.819623
0.010498 0.0226074 -1.12046
0.0105957 0.0219238 -0.808734
0.0105957 0.0220215 -1.02459
0.0106934 0.0219238 -0.405409
0.0106934 0.0220215 -0.578747
0.0105957 0.0221191 -1.26824
0.0105957 0.0222168 -1.49815
0.0106934 0.0221191 -0.719038
0.0106934 0.0222168 -0.872591
0.010791 0.0219238 0.632481
0.010791 0.0220215 -0.0683129
0.0108887 0.0219238 0.797908
0.0108887 0.0220215 1.28725
0.010791 0.0221191 -0.296925
0.010791 0.0222168 -0.462192
0.0108887 0.0221191 3.04473
0.0108887 0.0222168 0.278436
0.0105957 0.0223145 -1.70663
0.0105957 0.0224121 -1.98664
0.0106934 0.0223145 -1.10829
0.0106934 0.0224121 -1.35746
0.0105957 0.0225098 -1.96005
0.0105957 0.0226074 -1.54145
0.0106934 0.0225098 -1.56016
0.0106934 0.0226074 -1.79451
0.010791 0.0223145 -0.628559
0.010791 0.0224121 -0.762234
0.0108887 0.0223145 -0.156909
0.0108887 0.0224121 -0.345181
0.010791 0.0225098 -0.939492
0.010791 0.0226074 -1.1804
0.0108887 0.0225098 -0.513832
0.0108887 0.0226074 -0.668724
0.010498 0.0227051 -0.825984
0.010498 0.0228027 -0.648422
0.0105957 0.0227051 -0.950181
0.0105957 0.0228027 -0.865338
0.0106934 0.0227051 -2.04505
0.0106934 0.0228027 -1.88927
0.0105957 0.0229004 -1.14089
0.0105957 0.022998 -0.654489
0.0106934 0.0229004 -1.32125
0.0106934 0.022998 -0.866155
0.010791 0.0227051 -1.42194
0.010791 0.0228027 -1.61611
0.0108887 0.0227051 -0.804045
0.0108887 0.0228027 -1.00049
0.010791 0.0229004 -1.876
0.010791 0.022998 -2.04489
0.0108887 0.0229004 -1.25428
0.0108887 0.022998 -1.47707
0.0105957 0.0230957 -0.833542
