0.00927734 0.00986328 -0.301092
0.00927734 0.0100586 -0.148843
0.00947266 0.00634766 0.0473097
0.00947266 0.00654297 0.0224746
0.00966797 0.00634766 0.0218476
0.00966797 0.00654297 0.00855936
0.00947266 0.00673828 0.00787125
0.00947266 0.00693359 0.0025486
0.00966797 0.00673828 0.00346687
0.00966797 0.00693359 0.00227529
0.00986328 0.00634766 -0.00681989
0.00986328 0.00654297 -0.00779785
0.0100586 0.00634766 -0.0130185
0.0100586 0.00654297 -0.0118692
0.00986328 0.00673828 -0.00694791
0.00986328 0.00693359 -0.00346432
0.0100586 0.00673828 -0.00870157
0.0100586 0.00693359 -0.00510864
0.00947266 0.00712891 0.00235552
0.00947266 0.00732422 0.00430175
0.00966797 0.00712891 0.00307917
0.00966797 0.00732422 0.00541887
0.00947266 0.00751953 0.00702921
0.00947266 0.00771484 0.00906816
0.00966797 0.00751953 0.00902724
0.00966797 0.00771484 0.013262
0.00986328 0.00712891 0.00283834
0.00986328 0.00732422 0.0088164
0.0100586 0.00712891 0.00349109
0.0100586 0.00732422 0.00938332
0.00986328 0.00751953 0.0128743
0.00986328 0.00771484 0.0153992
0.0100586 0.00751953 0.0142328
0.0100586 0.00771484 0.0159672
0.0103516 0.00644531 -0.0290676
0.0103516 0.00683594 -0.0057406
0.0107422 0.00644531 -0.0295782
0.0107422 0.00683594 -0.00929342
0.0103516 0.00722656 0.0228606
0.0102539 0.00751953 0.0242205
0.0102539 0.00771484 0.024043
0.0104492 0.00751953 0.030173
0.0104492 0.00771484 0.0210325
0.0107422 0.00722656 0.0259577
0.0107422 0.00761719 0.0396714
0.00947266 0.00791016 0.00684962
0.00947266 0.00810547 -0.00965649
0.00966797 0.00791016 0.0174058
0.00966797 0.00810547 0.0193009
0.00947266 0.00830078 -0.0557493
0.00947266 0.00849609 -0.147164
0.00966797 0.00830078 0.0134449
0.00966797 0.00849609 -0.0081424
0.00986328 0.00791016 0.0174479
0.00986328 0.00810547 0.0199665
0.0100586 0.00791016 0.0177019
0.0100586 0.00810547 0.0219259
0.00986328 0.00830078 0.0199381
0.00986328 0.00849609 0.0137609
0.0100586 0.00830078 0.0231398
0.0100586 0.00849609 0.0198604
0.00947266 0.00869141 -0.264213
0.00947266 0.00888672 -0.394839
0.00966797 0.00869141 -0.0585805
0.00966797 0.00888672 -0.080079
0.00947266 0.00908203 1.74856
0.00947266 0.00927734 1.71981
0.00966797 0.00908203 4.58244
0.00966797 0.00927734 2.32412
0.00986328 0.00869141 -0.00347113
0.00986328 0.00888672 -0.0171285
0.0100586 0.00869141 0.0114883
0.0100586 0.00888672 -0.00321946
0.00986328 0.00908203 -0.0510857
0.00986328 0.00927734 -0.148497
0.0100586 0.00908203 -0.0266819
0.0100586 0.00927734 -0.0556985
0.0103516 0.00800781 0.0315092
0.0103516 0.00839844 0.0111838
0.0107422 0.00800781 0.040812
0.0106445 0.00830078 0.0322785
0.0106445 0.00849609 0.0272188
0.0108398 0.00830078 0.036311
0.0108398 0.00849609 0.0327287
0.0102539 0.00869141 0.017375
0.0102539 0.00888672 0.00413787
0.0104492 0.00869141 0.0254505
0.0104492 0.00888672 0.0505266
0.0103516 0.00917969 -0.0158147
0.0106445 0.00869141 0.0277591
0.0106445 0.00888672 0.0377307
0.0108398 0.00869141 0.0334391
0.0108398 0.00888672 0.0359027
0.0106445 0.00908203 0.0254437
0.0106445 0.00927734 0.0161937
0.0108398 0.00908203 0.0325989
0.0108398 0.00927734 0.0315081
0.0111328 0.00644531 -0.0326678
0.0111328 0.00683594 -9.05433e-05
0.0115234 0.00644531 -0.0249481
0.0115234 0.00683594 0.00221111
0.0110352 0.00712891 0.0232283
0.0110352 0.00732422 -0.0082126
0.0112305 0.00712891 0.0418418
0.0112305 0.00732422 -0.0259605
0.0111328 0.00761719 0.0391457
0.0114258 0.00712891 0.0140849
0.0114258 0.00732422 0.0179268
0.0116211 0.00712891 0.0148222
0.0116211 0.00732422 0.01675
0.0114258 0.00751953 0.0152012
0.0114258 0.00771484 0.0223748
0.0116211 0.00751953 0.0142644
0.0116211 0.00771484 0.0211691
0.0119141 0.00644531 -0.0183208
0.0119141 0.00683594 0.00599859
0.0123047 0.00644531 -0.0139332
0.0123047 0.00683594 0.0114651
0.0119141 0.00722656 0.025682
0.0119141 0.00761719 0.0373356
0.012207 0.00712891 0.012099
0.012207 0.00732422 0.0193331
0.0124023 0.00712891 0.0131138
0.0124023 0.00732422 0.0175666
0.012207 0.00751953 0.0172216
0.012207 0.00771484 0.0128695
0.0124023 0.00751953 0.0162873
0.0124023 0.00771484 0.0174015
0.0110352 0.00791016 0.0302028
0.0110352 0.00810547 0.0256943
0.0112305 0.00791016 0.0304314
0.0112305 0.00810547 0.0250249
0.0110352 0.00830078 0.0264679
0.0110352 0.00849609 0.0298406
0.0112305 0.00830078 0.0251135
0.0112305 0.00849609 0.0291924
0.0114258 0.00791016 0.0250096
0.0114258 0.00810547 0.0239204
0.0116211 0.00791016 0.0252445
0.0116211 0.00810547 0.0252509
0.0114258 0.00830078 0.0248613
0.0114258 0.00849609 0.0444232
0.0116211 0.00830078 0.025757
0.0116211 0.00849609 0.0498578
0.0110352 0.00869141 0.0344088
0.0110352 0.00888672 0.0376947
0.0112305 0.00869141 0.0406511
0.0112305 0.00888672 0.0414343
0.0110352 0.00908203 0.0390108
0.0110352 0.00927734 0.0390574
0.0112305 0.00908203 0.0451123
0.0112305 0.00927734 0.0415087
0.0115234 0.00878906 0.0109513
0.0115234 0.00917969 0.00208282
0.0118164 0.00791016 0.024707
0.0118164 0.00810547 0.0216793
0.0120117 0.00791016 0.024261
0.0120117 0.00810547 0.0247886
0.0118164 0.00830078 0.0227707
0.0118164 0.00849609 0.0353097
0.0120117 0.00830078 0.0263963
0.0120117 0.00849609 0.0376453
0.0123047 0.00800781 0.044698
0.0123047 0.00839844 -0.0154975
0.0118164 0.00869141 0.00152304
0.0118164 0.00888672 0.0283732
0.0120117 0.00869141 -0.0259586
0.0120117 0.00888672 0.0613036
0.0118164 0.00908203 0.0315837
0.0118164 0.00927734 0.0531469
0.0120117 0.00908203 0.0690429
0.0120117 0.00927734 0.0593651
0.012207 0.00869141 -0.0392279
0.012207 0.00888672 0.0939662
0.0124023 0.00869141 -0.100258
0.0124023 0.00888672 0.193221
0.0123047 0.00917969 0.00406081
0.00957031 0.00957031 -0.303145
0.00947266 0.00986328 -0.325909
0.00947266 0.0100586 -0.29367
0.00966797 0.00986328 -0.202158
0.00966797 0.0100586 -0.187222
0.00986328 0.00947266 -0.176425
0.00986328 0.00966797 -0.17915
0.0100586 0.00947266 -0.0848028
0.0100586 0.00966797 -0.102249
0.00996094 0.00996094 -0.102872
0.00947266 0.0102539 -0.236719
0.00947266 0.0104492 -0.162926
0.00966797 0.0102539 -0.170401
0.00966797 0.0104492 -0.14072
0.00966797 0.0106445 -0.107359
0.00986328 0.0102539 -0.114382
0.00986328 0.0104492 -0.0994293
0.0100586 0.0102539 -0.0424496
0.0100586 0.0104492 -0.0266875
0.00986328 0.0106445 -0.104495
0.00986328 0.0108398 0.0611851
0.0100586 0.0106445 -0.00438039
0.0100586 0.0108398 0.0685221
0.0102539 0.00947266 -0.0433727
0.0102539 0.00966797 -0.0965634
0.0104492 0.00947266 -0.00168739
0.0104492 0.00966797 0.0198873
0.0103516 0.00996094 0.0196699
0.0106445 0.00947266 0.0146628
0.0106445 0.00966797 0.027822
0.0108398 0.00947266 0.0307313
0.0108398 0.00966797 0.0360513
0.0106445 0.00986328 0.0286592
0.0106445 0.0100586 0.0331406
0.0108398 0.00986328 0.0394801
0.0108398 0.0100586 0.0637037
0.0102539 0.0102539 -0.00522992
0.0102539 0.0104492 0.0347995
0.0104492 0.0102539 0.0162709
0.0104492 0.0104492 0.051852
0.0103516 0.0107422 0.0281866
0.0106445 0.0102539 0.0343743
0.0106445 0.0104492 0.0444175
0.0108398 0.0102539 0.0526256
0.0108398 0.0104492 0.116459
0.0107422 0.0107422 0.0932469
0.0103516 0.0111328 -0.0159198
0.0107422 0.0111328 0.0443607
0.0110352 0.00947266 0.0410388
0.0110352 0.00966797 0.036466
0.0112305 0.00947266 0.0457142
0.0112305 0.00966797 0.068597
0.0111328 0.00996094 0.0668341
0.0115234 0.00957031 0.0296661
0.0115234 0.00996094 0.0537073
0.0111328 0.0103516 0.0942017
0.0111328 0.0107422 0.11127
0.0114258 0.0102539 -1.81579
0.0114258 0.0104492 -0.819178
0.0116211 0.0102539 -1.02177
0.0116211 0.0104492 -2.52918
0.0114258 0.0106445 0.0606088
0.0114258 0.0108398 0.08591
0.0116211 0.0106445 0.11104
0.0119141 0.00957031 0.0221342
0.0118164 0.00986328 0.0488326
0.0118164 0.0100586 0.0439716
0.0120117 0.00986328 0.0141015
0.0120117 0.0100586 0.122614
0.0123047 0.00957031 -0.0641005
0.012207 0.00986328 -0.0306078
0.0118164 0.0102539 0.0337381
0.0110352 0.0110352 0.0812734
