t dt mgp.i mgp.nrelax mgpf.i mgpf.nrelax mgu.i mgu.nrelax grid->tn perf.t perf.speed npe perf.ispeed
0 3.55114e-06 0 0 0 0 0 0 16384 0 0 12 0
3.55114e-06 3.55114e-06 0 0 0 0 0 0 4711 9.1218 516.455 12 516.455
5.09943e-06 1.5483e-06 0 0 0 0 0 0 1918 12.7887 518.349 12 523.061
6.64773e-06 1.5483e-06 0 0 0 0 0 0 1282 13.6651 578.92 12 1462.75
8.25337e-06 1.60564e-06 0 0 0 0 0 0 1150 14.116 641.896 12 2550.49
9.85901e-06 1.60564e-06 0 0 0 0 0 0 1180 14.6183 700.562 12 2349.39
1.14646e-05 1.60564e-06 0 0 0 0 0 0 1204 15.0862 758.639 12 2572.84
1.31401e-05 1.67545e-06 0 0 0 0 0 0 1207 15.4565 818.553 12 3259.27
1.48155e-05 1.67545e-06 0 0 0 0 0 0 1210 15.7066 882.56 12 4839.54
1.65748e-05 1.75922e-06 0 0 0 0 0 0 1222 16.073 938.47 12 3335.13
1.8334e-05 1.75922e-06 0 0 0 0 0 0 1225 16.4374 992.19 12 3361.73
2.01967e-05 1.86271e-06 0 0 0 0 0 0 1231 17.4605 1004.55 12 1203.15
2.20594e-05 1.86271e-06 0 0 0 0 0 0 1240 19.8148 947.778 12 526.705
2.40552e-05 1.99576e-06 0 0 0 0 0 0 1252 21.8816 915.471 12 605.753
3.00424e-05 1.99576e-06 0 0 0 0 0 0 1318 23.2228 1029.51 12 3721.98
3.6695e-05 2.21751e-06 0 0 0 0 0 0 1363 24.8047 1126.88 12 2213.27
4.113e-05 2.21751e-06 0 0 0 0 0 0 1372 25.8072 1189.09 12 2105.7
4.5565e-05 2.21751e-06 0 0 0 0 0 0 1396 27.21 1229.95 12 1420.27
4.77825e-05 2.21751e-06 0 0 0 0 0 0 1408 31.5668 1104.8 12 323.174
5.29412e-05 2.94118e-06 0 0 0 0 0 0 1414 34.4238 1095.17 12 693.514
6.21849e-05 3.15126e-06 0 0 0 0 0 0 1435 35.5093 1182.09 12 4316.54
6.88025e-05 3.46639e-06 0 0 0 0 0 0 1453 39.7025 1130.05 12 370.416
7.22689e-05 3.46639e-06 0 0 0 0 0 0 1456 42.7388 1083.84 12 479.535
7.92017e-05 3.46639e-06 0 0 0 0 0 0 1465 44.3098 1111.34 12 1993.53
8.61345e-05 3.46639e-06 0 0 0 0 0 0 1471 45.362 1150.35 12 2853.96
9.65336e-05 3.46639e-06 0 0 0 0 0 0 1495 47.7042 1187.38 12 902.58
0.000104545 4.54545e-06 0 0 0 0 0 0 1516 54.01 1104.55 12 257.36
0.000109091 4.54545e-06 0 0 0 0 0 0 1525 57.6681 1060.93 12 416.886
0.000119318 5.11364e-06 0 0 0 0 0 0 1558 59.1735 1086.5 12 2213.07
0.000129545 5.11364e-06 0 0 0 0 0 0 1567 60.1873 1120.17 12 4528.06
0.000144886 5.11364e-06 0 0 0 0 0 0 1594 61.4922 1173.68 12 3435.88
0.000155556 5.55556e-06 0 0 0 0 0 0 1699 67.4895 1118.49 12 298.154
0.000161111 5.55556e-06 0 0 0 0 0 0 1909 71.365 1084.49 12 492.574
0.000166667 5.55556e-06 0 0 0 0 0 0 1924 72.7143 1090.83 12 1425.96
0.000177778 5.55556e-06 0 0 0 0 0 0 1924 73.8832 1125.65 12 4806.95
0.000194444 5.55556e-06 0 0 0 0 0 0 1936 75.9553 1171.18 12 1588.44
0.00020625 6.25e-06 0 0 0 0 0 0 1942 78.2465 1186.48 12 1183.29
0.0002125 6.25e-06 0 0 0 0 0 0 1945 81.8497 1158.01 12 539.791
0.00021875 6.25e-06 0 0 0 0 0 0 1960 86.8095 1114.43 12 395.179
0.000225 6.25e-06 0 0 0 0 0 0 1969 90.1667 1094.77 12 586.503
0.0002375 6.25e-06 0 0 0 0 0 0 1984 91.5696 1121.3 12 3256.05
0.00025 6.25e-06 0 0 0 0 0 0 1987 92.972 1147.13 12 2016.35
0.000257143 7.14286e-06 0 0 0 0 0 0 1996 95.0582 1142.95 12 956.781
0.000278571 7.14286e-06 0 0 0 0 0 0 2011 99.2146 1155.73 12 611.601
0.000285714 7.14286e-06 0 0 0 0 0 0 2011 102.991 1132.88 12 532.575
0.000292857 7.14286e-06 0 0 0 0 0 0 2011 104.009 1141.13 12 1975.27
0.000307143 7.14286e-06 0 0 0 0 0 0 2017 107.054 1146.35 12 873.8
0.000314286 7.14286e-06 0 0 0 0 0 0 2041 108.169 1153.4 12 1830.44
0.000335714 7.14286e-06 0 0 0 0 0 0 2068 109.248 1198.49 12 7470.29
0.00035 7.14286e-06 0 0 0 0 0 0 2068 115.127 1173.22 12 386.424
0.000358333 8.33333e-06 0 0 0 0 0 0 2068 118.822 1154.14 12 559.682
0.000375 8.33333e-06 0 0 0 0 0 0 2077 120.043 1176.96 12 3185.47
0.000391667 8.33333e-06 0 0 0 0 0 0 2092 121.043 1201.7 12 3313.05
0.000408333 8.33333e-06 0 0 0 0 0 0 2098 122.897 1217.69 12 1375.39
0.000433333 8.33333e-06 0 0 0 0 0 0 2143 128.807 1211 12 419.704
0.000441667 8.33333e-06 0 0 0 0 0 0 2002 131.428 1202.08 12 763.814
0.00045 8.33333e-06 0 0 0 0 0 0 1876 132.432 1207.14 12 1870.11
0.000458333 8.33333e-06 0 0 0 0 0 0 1861 134.188 1205.21 12 1059.24
0.000475 8.33333e-06 0 0 0 0 0 0 1864 135.221 1223.5 12 3028.07
0.0005 8.33333e-06 0 0 0 0 0 0 1870 136.41 1253.97 12 6556.64
0.000508333 8.33333e-06 0 0 0 0 0 0 1876 138.21 1251.21 12 1042.23
0.000516667 8.33333e-06 0 0 0 0 0 0 1879 143.302 1219.87 12 369.069
0.000525 8.33333e-06 0 0 0 0 0 0 1879 145.062 1218.01 12 1067.12
0.000533333 8.33333e-06 0 0 0 0 0 0 1885 147.796 1208.24 12 689.484
0.000541667 8.33333e-06 0 0 0 0 0 0 1891 148.799 1212.8 12 1885.24
0.00055 8.33333e-06 0 0 0 0 0 0 1924 149.851 1217.13 12 1829.4
0.000558333 8.33333e-06 0 0 0 0 0 0 1939 151.654 1215.45 12 1075.75
0.000583333 8.33333e-06 0 0 0 0 0 0 1972 152.975 1243.52 12 5511.98
0.0006 8.33333e-06 0 0 0 0 0 0 1999 160.133 1212.92 12 301.141
0.000608333 8.33333e-06 0 0 0 0 0 0 2008 163.111 1203.09 12 674.21
0.000625 8.33333e-06 0 0 0 0 0 0 2014 164.645 1216.33 12 2810.76
0.000641667 8.33333e-06 0 0 0 0 0 0 2146 166.045 1231.27 12 3406.12
0.00065 8.33333e-06 0 0 0 0 0 0 2194 168.125 1229.09 12 1054.68
0.000658333 8.33333e-06 0 0 0 0 0 0 2203 176.73 1181.7 12 255.997
0.000666667 8.33333e-06 0 0 0 0 0 0 2203 178.572 1181.85 12 1196.21
0.000675 8.33333e-06 0 0 0 0 0 0 2209 179.709 1186.67 12 1942.75
0.000683333 8.33333e-06 0 0 0 0 0 0 2224 186.688 1154.22 12 318.676
0.000691667 8.33333e-06 0 0 0 0 0 0 2239 188.525 1154.85 12 1219.07
0.000708333 8.33333e-06 0 0 0 0 0 0 2242 190.879 1164.08 12 1342.01
0.000725 8.33333e-06 0 0 0 0 0 0 2233 192.148 1179.64 12 4817.07
0.000738889 5.55556e-06 0 0 0 0 0 0 2263 193.29 1196.02 12 4230.84
0.000757143 7.14286e-06 0 0 0 0 0 0 2293 202.847 1173.42 12 261.815
0.000764286 7.14286e-06 0 0 0 0 0 0 2293 205.107 1171.67 12 1014.54
0.000771429 7.14286e-06 0 0 0 0 0 0 2296 206.144 1176.91 12 2214.57
0.000785714 7.14286e-06 0 0 0 0 0 0 2293 210.969 1171.75 12 587.451
0.000795238 4.7619e-06 0 0 0 0 0 0 2311 212.758 1183.55 12 2818.5
0.00080625 6.25e-06 0 0 0 0 0 0 2335 215.346 1190.93 12 1306.3
0.0008125 6.25e-06 0 0 0 0 0 0 2335 221.488 1168.45 12 380.178
0.00081875 6.25e-06 0 0 0 0 0 0 2350 225.882 1156.12 12 534.814
0.000825 6.25e-06 0 0 0 0 0 0 2359 231.543 1138.04 12 416.653
0.00083125 6.25e-06 0 0 0 0 0 0 2365 232.812 1142 12 1864.84
0.00084375 6.25e-06 0 0 0 0 0 0 2380 234.302 1155.04 12 3228.1
0.000855556 5.55556e-06 0 0 0 0 0 0 2407 236.775 1163.23 12 1410.41
0.000866667 5.55556e-06 0 0 0 0 0 0 2425 237.826 1178.45 12 4365.58
0.000877778 5.55556e-06 0 0 0 0 0 0 2476 244.25 1167.69 12 408.724
0.000883333 5.55556e-06 0 0 0 0 0 0 2488 248.635 1157.1 12 567.349
0.000888889 5.55556e-06 0 0 0 0 0 0 2488 255.673 1134.98 12 353.53
0.000892593 3.7037e-06 0 0 0 0 0 0 2497 257.193 1137.98 12 1642.36
0.000896296 3.7037e-06 0 0 0 0 0 0 2521 258.23 1143.17 12 2431.4
0.000904545 4.54545e-06 0 0 0 0 0 0 2536 260.769 1151.46 12 1435.15
0.000913636 4.54545e-06 0 0 0 0 0 0 2554 261.772 1166.52 12 4507.33
0.000922727 4.54545e-06 0 0 0 0 0 0 2566 268.759 1155.28 12 405.941
0.000927273 4.54545e-06 0 0 0 0 0 0 2584 275.229 1137.52 12 399.407
0.000931818 4.54545e-06 0 0 0 0 0 0 2605 277.919 1135.88 12 968.296
0.000936364 4.54545e-06 0 0 0 0 0 0 2611 279.136 1140.28 12 2144.65
0.000940909 4.54545e-06 0 0 0 0 0 0 2623 280.325 1144.8 12 2207.47
0.00095 4.54545e-06 0 0 0 0 0 0 2623 281.995 1156.65 12 3275.7
0.000954545 4.54545e-06 0 0 0 0 0 0 2629 283.895 1158.16 12 1383.32
0.00096281 4.13223e-06 0 0 0 0 0 0 2668 285.071 1172.09 12 4066.55
0.000966942 4.13223e-06 0 0 0 0 0 0 2680 292.614 1151.04 12 355.308
0.000971074 4.13223e-06 0 0 0 0 0 0 2695 294.149 1154.19 12 1755.26
0.000978749 3.54191e-06 0 0 0 0 0 0 2695 295.952 1165.37 12 2991.72
0.000985832 3.54191e-06 0 0 0 0 0 0 2734 297.574 1177.33 12 3425.12
0.000992916 3.54191e-06 0 0 0 0 0 0 2755 299.066 1189.85 12 3787.81
0.001 3.54191e-06 0 0 0 0 0 0 2773 300.746 1201.63 12 2717.43
0.00100357 3.57143e-06 0 0 0 0 0 0 2806 310.982 1171.1 12 274.135
0.00100714 3.57143e-06 0 0 0 0 0 0 2809 312.353 1174.96 12 2049.8
0.00101429 3.57143e-06 0 0 0 0 0 0 2797 314.126 1186.16 12 3410.71
0.00102143 3.57143e-06 0 0 0 0 0 0 2812 315.793 1197.68 12 3426.45
0.00102857 3.57143e-06 0 0 0 0 0 0 2746 316.944 1210.89 12 4989.1
0.00103571 3.57143e-06 0 0 0 0 0 0 2620 318.4 1221.93 12 3742.91
0.00103929 3.57143e-06 0 0 0 0 0 0 2590 325.493 1203.26 12 365.138
0.00104286 3.57143e-06 0 0 0 0 0 0 2584 326.896 1206 12 1841.71
0.00105 3.57143e-06 0 0 0 0 0 0 2569 328.483 1215.86 12 3350.44
0.00105357 3.57143e-06 0 0 0 0 0 0 2572 331.335 1213.16 12 901.806
0.00106429 3.57143e-06 0 0 0 0 0 0 2569 332.774 1231.05 12 4723.29
0.001075 3.57143e-06 0 0 0 0 0 0 2578 334.384 1248.24 12 4087.18
0.00108512 2.97619e-06 0 0 0 0 0 0 2626 335.69 1266.65 12 6679.96
0.0010881 2.97619e-06 0 0 0 0 0 0 2635 336.983 1269.61 12 2038
0.00109107 2.97619e-06 0 0 0 0 0 0 2650 340.757 1263.32 12 702.13
0.00109405 2.97619e-06 0 0 0 0 0 0 2665 347.788 1245.45 12 379.032
0.00109702 2.97619e-06 0 0 0 0 0 0 2680 350.695 1242.77 12 922.009
0.0011 2.97619e-06 0 0 0 0 0 0 2689 372.256 1178.01 12 124.717
0.00110313 3.125e-06 0 0 0 0 0 0 2695 381.221 1157.38 12 300.61
0.00110625 3.125e-06 0 0 0 0 0 0 2701 382.802 1159.65 12 1708.6
0.00110938 3.125e-06 0 0 0 0 0 0 2701 388.585 1149.34 12 467.063
0.0011125 3.125e-06 0 0 0 0 0 0 2707 391.356 1148.12 12 976.794
0.00111563 3.125e-06 0 0 0 0 0 0 2722 392.644 1151.29 12 2113.09
0.00112188 3.125e-06 0 0 0 0 0 0 2749 394.348 1160.23 12 3172.37
0.00112813 3.125e-06 0 0 0 0 0 0 2770 395.815 1169.9 12 4146.81
0.00113437 3.125e-06 0 0 0 0 0 0 2785 397.09 1180.15 12 3883.09
0.0011375 3.125e-06 0 0 0 0 0 0 2785 403.396 1168.6 12 441.6
0.00114063 3.125e-06 0 0 0 0 0 0 2791 404.5 1172.31 12 2528.07
0.00114583 2.08333e-06 0 0 0 0 0 0 2830 405.885 1182.21 12 4133.23
0.00114792 2.08333e-06 0 0 0 0 0 0 2848 407.706 1183.91 12 1563.36
0.00115278 2.77778e-06 0 0 0 0 0 0 2839 409.831 1191.66 12 1633.67
0.00115833 2.77778e-06 0 0 0 0 0 0 2836 410.963 1202.17 12 5853.94
0.00116389 2.77778e-06 0 0 0 0 0 0 2863 417.257 1197.7 12 492.788
0.00116667 2.77778e-06 0 0 0 0 0 0 2878 418.544 1200.89 12 2235.78
0.00117222 2.77778e-06 0 0 0 0 0 0 2902 419.998 1210.53 12 4036.66
0.00117778 2.77778e-06 0 0 0 0 0 0 2953 421.498 1220.19 12 3933.61
0.00118333 2.77778e-06 0 0 0 0 0 0 2941 423.087 1229.52 12 4625.14
0.00119167 2.77778e-06 0 0 0 0 0 0 2965 429.815 1230.9 12 511.718
0.00119444 2.77778e-06 0 0 0 0 0 0 2974 431.203 1233.84 12 2142.69
0.00119722 2.77778e-06 0 0 0 0 0 0 3013 432.79 1236.27 12 1898.28
0.00120312 3.125e-06 0 0 0 0 0 0 3049 435.378 1242.86 12 1689.22
0.00120937 3.125e-06 0 0 0 0 0 0 3064 436.433 1253.88 12 7864.03
0.00121563 3.125e-06 0 0 0 0 0 0 3055 437.738 1264.13 12 4324.69
0.00121875 3.125e-06 0 0 0 0 0 0 3052 439.787 1265.18 12 1489.86
0.00122187 3.125e-06 0 0 0 0 0 0 3049 446.064 1254.21 12 485.756
0.001225 3.125e-06 0 0 0 0 0 0 3043 447.485 1257.03 12 2140.52
0.00123125 3.125e-06 0 0 0 0 0 0 3031 449.296 1265.47 12 3462.88
0.0012375 3.125e-06 0 0 0 0 0 0 3031 450.875 1274.46 12 4523.66
0.00124062 3.125e-06 0 0 0 0 0 0 3037 451.959 1278.12 12 2801.52
0.00124375 3.125e-06 0 0 0 0 0 0 3070 453.032 1281.87 12 2860.71
0.00125 3.125e-06 0 0 0 0 0 0 3088 454.498 1291.32 12 4203.48
0.00125312 3.125e-06 0 0 0 0 0 0 3103 463.602 1272.65 12 340.856
0.00125625 3.125e-06 0 0 0 0 0 0 3109 465.084 1275.28 12 2097.56
0.0012625 3.125e-06 0 0 0 0 0 0 3130 467.827 1281.15 12 1747.35
0.00126875 3.125e-06 0 0 0 0 0 0 3148 469.38 1290.28 12 4354.85
0.001275 3.125e-06 0 0 0 0 0 0 3181 470.534 1300.62 12 6337.1
0.00128437 3.125e-06 0 0 0 0 0 0 3202 477.588 1301.49 12 522.403
0.0012875 3.125e-06 0 0 0 0 0 0 3211 479.03 1304.28 12 2226.38
0.00129375 3.125e-06 0 0 0 0 0 0 3268 480.882 1312.8 12 3763.68
0.0013 3.125e-06 0 0 0 0 0 0 3292 482.403 1322.28 12 4285.51
0.00130312 3.125e-06 0 0 0 0 0 0 3301 484.138 1324.36 12 1902.56
0.00130937 3.125e-06 0 0 0 0 0 0 3331 485.424 1334.56 12 4986.72
0.00131562 3.125e-06 0 0 0 0 0 0 3352 492.238 1329.67 12 522.668
0.00131875 3.125e-06 0 0 0 0 0 0 3412 499.605 1316.9 12 463.171
0.00132187 3.125e-06 0 0 0 0 0 0 3400 501.94 1317.54 12 1455.72
0.001325 3.125e-06 0 0 0 0 0 0 3403 503.16 1321.11 12 2789.76
0.00132812 3.125e-06 0 0 0 0 0 0 3412 504.382 1324.67 12 2792.55
0.00133437 3.125e-06 0 0 0 0 0 0 3451 505.919 1334.27 12 4679.14
0.00134062 3.125e-06 0 0 0 0 0 0 3460 507.05 1344.93 12 6988.2
0.00134687 3.125e-06 0 0 0 0 0 0 3472 514.431 1339.13 12 520.893
0.00135 3.125e-06 0 0 0 0 0 0 3472 515.567 1342.91 12 3055.59
0.00135333 3.33333e-06 0 0 0 0 0 0 3469 517.638 1344.24 12 1675.25
0.00136 3.33333e-06 0 0 0 0 0 0 3451 518.996 1354.04 12 4556.77
0.00136667 3.33333e-06 0 0 0 0 0 0 3451 520.209 1364.15 12 7381.99
0.00137333 3.33333e-06 0 0 0 0 0 0 3448 523.1 1369.79 12 1516.66
0.00137667 3.33333e-06 0 0 0 0 0 0 3454 524.785 1371.97 12 2050.06
0.00138 3.33333e-06 0 0 0 0 0 0 3469 531.047 1362.33 12 553.98
0.00138333 3.33333e-06 0 0 0 0 0 0 3469 532.318 1365.59 12 2729.18
0.00139 3.33333e-06 0 0 0 0 0 0 3493 534.589 1372.84 12 2517.65
0.00139667 3.33333e-06 0 0 0 0 0 0 3523 535.756 1382.99 12 6068.04
0.00140357 3.57143e-06 0 0 0 0 0 0 3535 538.367 1389.39 12 1835.38
0.00141071 3.57143e-06 0 0 0 0 0 0 3574 539.564 1399.53 12 5095.65
0.00141429 3.57143e-06 0 0 0 0 0 0 3580 545.717 1390.31 12 581.824
0.00141786 3.57143e-06 0 0 0 0 0 0 3580 547.129 1393.26 12 2534.97
0.00142143 3.57143e-06 0 0 0 0 0 0 3583 548.131 1397.25 12 3575.98
0.00142857 3.57143e-06 0 0 0 0 0 0 3580 549.746 1406.18 12 4803.72
0.00143571 3.57143e-06 0 0 0 0 0 0 3598 551.259 1415.35 12 5012.91
0.00144286 3.57143e-06 0 0 0 0 0 0 3610 552.661 1424.81 12 5405.15
0.00145 3.57143e-06 0 0 0 0 0 0 3619 559.269 1420.92 12 586.335
0.00145385 3.84615e-06 0 0 0 0 0 0 3643 561.775 1421.07 12 1453.6
0.00146154 3.84615e-06 0 0 0 0 0 0 3691 564.93 1426.15 12 1637.46
0.00146538 3.84615e-06 0 0 0 0 0 0 3706 566.333 1429.16 12 2641.97
0.00147308 3.84615e-06 0 0 0 0 0 0 3697 572.159 1427.53 12 763.731
0.00147692 3.84615e-06 0 0 0 0 0 0 3697 575.47 1425.74 12 1116.88
0.00148077 3.84615e-06 0 0 0 0 0 0 3706 576.47 1429.7 12 3704.2
0.00148846 3.84615e-06 0 0 0 0 0 0 3721 583.834 1424.41 12 564.667
0.00149231 3.84615e-06 0 0 0 0 0 0 3724 585.373 1427.03 12 2420.51
0.00149615 3.84615e-06 0 0 0 0 0 0 3721 587.596 1427.96 12 1673.94
0.00150417 4.16667e-06 0 0 0 0 0 0 3733 590.019 1434.75 12 2145.88
0.0015125 4.16667e-06 0 0 0 0 0 0 3748 591.05 1444.92 12 8938.86
0.00152083 4.16667e-06 0 0 0 0 0 0 3757 592.167 1454.88 12 9049.68
0.00152917 4.16667e-06 0 0 0 0 0 0 3784 597.563 1454.4 12 790.551
0.00153333 4.16667e-06 0 0 0 0 0 0 3793 605.694 1441.13 12 466.503
0.0015375 4.16667e-06 0 0 0 0 0 0 3793 611.271 1434.19 12 680.035
0.00154167 4.16667e-06 0 0 0 0 0 0 3802 612.476 1437.58 12 3154.97
0.00155 4.16667e-06 0 0 0 0 0 0 3793 619.074 1434.54 12 659.969
0.00155417 4.16667e-06 0 0 0 0 0 0 3778 621.677 1434.61 12 1451.11
0.0015625 4.16667e-06 0 0 0 0 0 0 3784 623.499 1442.54 12 3478.86
0.00156667 4.16667e-06 0 0 0 0 0 0 3790 624.802 1445.6 12 2908.53
0.00157083 4.16667e-06 0 0 0 0 0 0 3811 631.394 1436.54 12 578.128
0.001575 4.16667e-06 0 0 0 0 0 0 3832 632.916 1439.14 12 2517.72
0.00157917 4.16667e-06 0 0 0 0 0 0 3847 633.935 1442.89 12 3772.19
0.00158333 4.16667e-06 0 0 0 0 0 0 3868 635.151 1446.22 12 3182.45
0.00159167 4.16667e-06 0 0 0 0 0 0 3868 636.627 1454.99 12 4789.45
0.0016 4.16667e-06 0 0 0 0 0 0 3868 638.162 1463.62 12 5137.5
0.00160417 4.16667e-06 0 0 0 0 0 0 3862 640.113 1465.19 12 1979.57
0.0016125 4.16667e-06 0 0 0 0 0 0 3877 647.659 1460.06 12 589.421
0.00161667 4.16667e-06 0 0 0 0 0 0 3898 649.331 1462.31 12 2331.38
0.00162083 4.16667e-06 0 0 0 0 0 0 3898 650.484 1465.71 12 3381.47
0.001625 4.16667e-06 0 0 0 0 0 0 3928 651.803 1468.77 12 2977.66
0.00163333 4.16667e-06 0 0 0 0 0 0 3964 653.623 1476.81 12 4495.47
0.0016375 4.16667e-06 0 0 0 0 0 0 3973 654.959 1479.86 12 2973.54
0.00164583 4.16667e-06 0 0 0 0 0 0 3991 656.265 1489.07 12 5530.6
0.00165417 4.16667e-06 0 0 0 0 0 0 3994 665.029 1481.45 12 500.525
0.00165833 4.16667e-06 0 0 0 0 0 0 3985 667.047 1482.95 12 1975.02
0.0016625 4.16667e-06 0 0 0 0 0 0 3997 668.136 1486.51 12 3671.78
0.00166667 4.16667e-06 0 0 0 0 0 0 4000 669.32 1489.86 12 3377.65
0.00167083 4.16667e-06 0 0 0 0 0 0 4003 670.322 1493.6 12 3994.24
0.00167917 4.16667e-06 0 0 0 0 0 0 4027 671.981 1501.88 12 5351.53
0.0016875 4.16667e-06 0 0 0 0 0 0 4042 673.55 1510.36 12 5105.24
0.00169583 4.16667e-06 0 0 0 0 0 0 4096 680.607 1506.69 12 653.001
0.0017 4.16667e-06 0 0 0 0 0 0 4102 682.163 1509.26 12 2635.67
0.00170417 4.16667e-06 0 0 0 0 0 0 4120 686.536 1505.65 12 942.204
0.00170833 4.16667e-06 0 0 0 0 0 0 4117 696.339 1490.37 12 420
0.0017125 4.16667e-06 0 0 0 0 0 0 4105 698.761 1491.08 12 1694.32
0.00171667 4.16667e-06 0 0 0 0 0 0 4111 700.047 1494.21 12 3197.39
0.001725 4.16667e-06 0 0 0 0 0 0 4105 701.616 1502.57 12 5192.06
0.00173333 4.16667e-06 0 0 0 0 0 0 4108 703.123 1511.03 12 5431.75
0.0017375 4.16667e-06 0 0 0 0 0 0 4099 709.564 1503.09 12 636.436
0.00174167 4.16667e-06 0 0 0 0 0 0 4102 710.97 1505.89 12 2917.55
0.00174583 4.16667e-06 0 0 0 0 0 0 4096 712.089 1509.27 12 3659.67
0.00175417 4.16667e-06 0 0 0 0 0 0 4117 714.674 1515.33 12 2284.53
0.00175833 4.16667e-06 0 0 0 0 0 0 4129 715.898 1518.51 12 3375.17
0.00176667 4.16667e-06 0 0 0 0 0 0 4150 716.999 1527.73 12 6491.91
0.001775 4.16667e-06 0 0 0 0 0 0 4186 719.586 1533.85 12 2299.21
0.00177917 4.16667e-06 0 0 0 0 0 0 4189 726.38 1525.28 12 616.58
0.00178333 4.16667e-06 0 0 0 0 0 0 4189 727.651 1528.37 12 3294.43
0.00179167 4.16667e-06 0 0 0 0 0 0 4186 729.386 1536.22 12 5465.7
0.0018 4.16667e-06 0 0 0 0 0 0 4213 731.407 1543.46 12 3888.54
0.00180417 4.16667e-06 0 0 0 0 0 0 4210 734.43 1542.84 12 1392.81
0.00180833 4.16667e-06 0 0 0 0 0 0 4216 739.074 1538.85 12 907.809
0.0018125 4.16667e-06 0 0 0 0 0 0 4225 740.425 1541.75 12 3127.47
0.00181667 4.16667e-06 0 0 0 0 0 0 4225 741.61 1544.98 12 3563.17
0.00182083 4.16667e-06 0 0 0 0 0 0 4249 747.391 1538.72 12 735.07
0.001825 4.16667e-06 0 0 0 0 0 0 4279 749.01 1541.1 12 2642.82
0.00182857 3.57143e-06 0 0 0 0 0 0 4285 750.348 1544.07 12 3201.72
0.00183571 3.57143e-06 0 0 0 0 0 0 4282 751.883 1552.29 12 5806.56
0.00184286 3.57143e-06 0 0 0 0 0 0 4285 753.333 1560.68 12 6942.3
0.00185 3.57143e-06 0 0 0 0 0 0 4285 754.538 1569.54 12 6130.81
0.00185385 3.84615e-06 0 0 0 0 0 0 4294 756.592 1570.96 12 2090.73
0.00185769 3.84615e-06 0 0 0 0 0 0 4324 762.92 1563.59 12 683.347
0.00186154 3.84615e-06 0 0 0 0 0 0 4336 764.405 1566.23 12 2918.25
0.00186923 3.84615e-06 0 0 0 0 0 0 4351 767.734 1570.76 12 1757.06
0.00187692 3.84615e-06 0 0 0 0 0 0 4372 769.131 1579.26 12 7479.44
0.00188462 3.84615e-06 0 0 0 0 0 0 4408 770.323 1588.22 12 7340.5
0.00189231 3.84615e-06 0 0 0 0 0 0 4405 771.574 1597.06 12 6891.7
0.00189615 3.84615e-06 0 0 0 0 0 0 4405 777.965 1589.6 12 689.234
0.0019 3.84615e-06 0 0 0 0 0 0 4417 779.367 1592.41 12 3150.82
0.00190385 3.84615e-06 0 0 0 0 0 0 4432 781.708 1593.31 12 1893.61
0.00191154 3.84615e-06 0 0 0 0 0 0 4432 783.175 1601.65 12 6672.15
0.00191923 3.84615e-06 0 0 0 0 0 0 4447 784.528 1610.22 12 6206.83
0.00192692 3.84615e-06 0 0 0 0 0 0 4465 786.165 1618.19 12 3873.57
0.00193462 3.84615e-06 0 0 0 0 0 0 4480 792.911 1615.68 12 712.458
0.00193846 3.84615e-06 0 0 0 0 0 0 4492 794.43 1618.25 12 2957.7
0.00194231 3.84615e-06 0 0 0 0 0 0 4522 795.616 1621.52 12 3812.82
0.00194615 3.84615e-06 0 0 0 0 0 0 4546 796.655 1625.11 12 4376.99
0.00195385 3.84615e-06 0 0 0 0 0 0 4573 799.657 1630.43 12 2089.93
0.00196154 3.84615e-06 0 0 0 0 0 0 4600 800.846 1639.48 12 7832.53
0.00196923 3.84615e-06 0 0 0 0 0 0 4636 802.382 1647.88 12 6204.18
0.00197308 3.84615e-06 0 0 0 0 0 0 4630 808.756 1640.61 12 726.395
0.00197692 3.84615e-06 0 0 0 0 0 0 4636 810.28 1643.25 12 3040.55
0.00198077 3.84615e-06 0 0 0 0 0 0 4660 811.299 1646.93 12 4575.61
0.00198846 3.84615e-06 0 0 0 0 0 0 4660 812.818 1655.32 12 6645.24
0.00199615 3.84615e-06 0 0 0 0 0 0 4660 814.32 1663.71 12 5597.79
0.00200357 3.57143e-06 0 0 0 0 0 0 4654 817.108 1669.44 12 2384.52
0.00201071 3.57143e-06 0 0 0 0 0 0 4633 823.904 1666.92 12 743.918
0.00201429 3.57143e-06 0 0 0 0 0 0 4636 825.592 1669.13 12 2746.85
0.00201786 3.57143e-06 0 0 0 0 0 0 4642 828.08 1669.72 12 1866
0.002025 3.57143e-06 0 0 0 0 0 0 4672 829.486 1678.15 12 6207.3
0.00203214 3.57143e-06 0 0 0 0 0 0 4714 830.692 1687.03 12 9692.19
0.00203929 3.57143e-06 0 0 0 0 0 0 4744 831.792 1696.19 12 10395.7
0.00204643 3.57143e-06 0 0 0 0 0 0 4735 836.3 1698.38 12 1254.76
0.00205 3.57143e-06 0 0 0 0 0 0 4735 839.604 1697.34 12 1433.39
0.00205357 3.57143e-06 0 0 0 0 0 0 4732 842.059 1698.01 12 1927.21
0.00206071 3.57143e-06 0 0 0 0 0 0 4765 843.579 1706.24 12 6346.54
0.00206786 3.57143e-06 0 0 0 0 0 0 4801 845.136 1714.42 12 6084.58
0.002075 3.57143e-06 0 0 0 0 0 0 4834 847.057 1721.93 12 4300.63
0.00208214 3.57143e-06 0 0 0 0 0 0 4846 853.915 1719.44 12 782.276
0.00208571 3.57143e-06 0 0 0 0 0 0 4861 855.585 1721.77 12 2909.91
0.00208929 3.57143e-06 0 0 0 0 0 0 4867 857.39 1723.82 12 2697.73
0.00209643 3.57143e-06 0 0 0 0 0 0 4906 859.097 1731.8 12 6512.95
0.00210357 3.57143e-06 0 0 0 0 0 0 4903 861.679 1737.99 12 2530.61
0.00211071 3.57143e-06 0 0 0 0 0 0 4912 862.968 1746.77 12 6673.96
0.00211786 3.57143e-06 0 0 0 0 0 0 4951 865.571 1752.94 12 2694.33
0.00212143 3.57143e-06 0 0 0 0 0 0 4963 870.666 1748.39 12 974.116
0.002125 3.57143e-06 0 0 0 0 0 0 4981 871.949 1751.53 12 3880.49
0.00213214 3.57143e-06 0 0 0 0 0 0 4978 873.776 1759.26 12 5494.29
0.00213929 3.57143e-06 0 0 0 0 0 0 4993 875.208 1767.77 12 8319.56
0.00214643 3.57143e-06 0 0 0 0 0 0 5032 877.059 1775.49 12 4591.65
0.00215357 3.57143e-06 0 0 0 0 0 0 5047 890.935 1759.15 12 380.731
0.00215714 3.57143e-06 0 0 0 0 0 0 5065 898.3 1750.37 12 687.708
0.00216071 3.57143e-06 0 0 0 0 0 0 5074 899.723 1753.24 12 3568.05
0.00216429 3.57143e-06 0 0 0 0 0 0 5074 900.742 1756.89 12 4979.46
0.00217143 3.57143e-06 0 0 0 0 0 0 5074 902.626 1764.46 12 5462.9
0.00217857 3.57143e-06 0 0 0 0 0 0 5071 904.281 1772.45 12 5965.52
0.00218571 3.57143e-06 0 0 0 0 0 0 5062 905.772 1780.72 12 7009.6
0.00218857 2.85714e-06 0 0 0 0 0 0 5077 915.326 1767.68 12 531.367
0.00219143 2.85714e-06 0 0 0 0 0 0 5098 919.179 1765.82 12 1323.42
0.00219429 2.85714e-06 0 0 0 0 0 0 5104 920.33 1769.15 12 4434.56
0.0022 2.85714e-06 0 0 0 0 0 0 5113 922.083 1776.88 12 6135.82
0.00220333 3.33333e-06 0 0 0 0 0 0 5140 924.135 1778.5 12 2505.59
0.00221 3.33333e-06 0 0 0 0 0 0 5170 925.323 1787.38 12 11147.2
0.00221667 3.33333e-06 0 0 0 0 0 0 5185 926.691 1795.92 12 6792.28
0.00222 3.33333e-06 0 0 0 0 0 0 5209 933.153 1789.07 12 806.206
0.00222333 3.33333e-06 0 0 0 0 0 0 5206 934.724 1791.63 12 3311.99
0.00222667 3.33333e-06 0 0 0 0 0 0 5218 935.792 1795.16 12 4889
0.00223333 3.33333e-06 0 0 0 0 0 0 5263 937.898 1802.32 12 4441.79
0.00224 3.33333e-06 0 0 0 0 0 0 5281 939.417 1810.64 12 6928.24
0.00224667 3.33333e-06 0 0 0 0 0 0 5296 940.585 1819.66 12 9979.44
0.00225333 3.33333e-06 0 0 0 0 0 0 5329 949.128 1814.5 12 680.094
0.00225667 3.33333e-06 0 0 0 0 0 0 5341 952.975 1812.78 12 1388.42
0.00226 3.33333e-06 0 0 0 0 0 0 5356 954.529 1815.44 12 3445.22
0.00226333 3.33333e-06 0 0 0 0 0 0 5353 955.582 1819.04 12 5083.35
0.00227 3.33333e-06 0 0 0 0 0 0 5314 957.919 1825.72 12 3746.7
0.00227667 3.33333e-06 0 0 0 0 0 0 5335 959.538 1833.73 12 6810.68
0.00228333 3.33333e-06 0 0 0 0 0 0 5389 960.94 1842.23 12 8496.9
0.00228667 3.33333e-06 0 0 0 0 0 0 5404 967.82 1834.72 12 785.455
0.00229 3.33333e-06 0 0 0 0 0 0 5425 969.176 1837.75 12 4002.23
0.00229667 3.33333e-06 0 0 0 0 0 0 5428 971.013 1845.45 12 6478.99
0.00230333 3.33333e-06 0 0 0 0 0 0 5455 973.718 1851.52 12 2865.75
0.00231 3.33333e-06 0 0 0 0 0 0 5473 974.818 1860.66 12 11327
0.00231667 3.33333e-06 0 0 0 0 0 0 5509 976.204 1869.29 12 8455.91
0.00232 3.33333e-06 0 0 0 0 0 0 5506 982.516 1862.88 12 872.294
0.00232333 3.33333e-06 0 0 0 0 0 0 5497 983.911 1865.83 12 3940.17
0.00232667 3.33333e-06 0 0 0 0 0 0 5497 985.439 1868.51 12 3599.12
0.00233 3.33333e-06 0 0 0 0 0 0 5518 986.493 1872.11 12 5234.03
0.00233333 3.33333e-06 0 0 0 0 0 0 5536 988.047 1874.77 12 3561.13
0.00234 3.33333e-06 0 0 0 0 0 0 5536 989.548 1883.11 12 7209.64
0.00234667 3.33333e-06 0 0 0 0 0 0 5542 991.167 1891.21 12 7564.68
0.00235333 3.33333e-06 0 0 0 0 0 0 5557 1001.64 1882.53 12 575.753
0.00235667 3.33333e-06 0 0 0 0 0 0 5584 1003.12 1885.32 12 3774.16
0.00236 3.33333e-06 0 0 0 0 0 0 5593 1004.19 1888.88 12 5231.21
0.00236667 3.33333e-06 0 0 0 0 0 0 5605 1006.3 1896.07 12 4674.64
0.00237 3.33333e-06 0 0 0 0 0 0 5623 1008.8 1896.94 12 2246.62
0.00237667 3.33333e-06 0 0 0 0 0 0 5614 1010.12 1905.58 12 7467.2
0.00238333 3.33333e-06 0 0 0 0 0 0 5620 1011.82 1913.47 12 6510.07
0.00238667 3.33333e-06 0 0 0 0 0 0 5641 1020.77 1902.22 12 630.298
0.00239 3.33333e-06 0 0 0 0 0 0 5650 1022.46 1904.6 12 3349.84
0.00239333 3.33333e-06 0 0 0 0 0 0 5659 1023.63 1907.95 12 4825.88
0.00239667 3.33333e-06 0 0 0 0 0 0 5692 1024.7 1911.52 12 5341.09
0.0024 1.66667e-06 0 0 0 0 0 0 5752 1026.34 1919.64 12 6608.7
0.00240294 2.94118e-06 0 0 0 0 0 0 5752 1029.29 1919.72 12 1947.85
0.00240588 2.94118e-06 0 0 0 0 0 0 5770 1030.31 1923.42 12 5656.46
0.00241176 2.94118e-06 0 0 0 0 0 0 5761 1031.73 1931.96 12 9080.22
0.00241471 2.94118e-06 0 0 0 0 0 0 5773 1038.08 1925.71 12 909.74
0.00241765 2.94118e-06 0 0 0 0 0 0 5767 1039.75 1928.16 12 3448.39
0.00242059 2.94118e-06 0 0 0 0 0 0 5764 1040.8 1931.75 12 5474.54
0.00242647 2.94118e-06 0 0 0 0 0 0 5749 1042.48 1939.66 12 6747.53
0.00243235 2.94118e-06 0 0 0 0 0 0 5755 1044.12 1947.63 12 6931.86
0.00243824 2.94118e-06 0 0 0 0 0 0 5788 1045.71 1955.73 12 7222.49
0.00244412 2.94118e-06 0 0 0 0 0 0 5767 1052.94 1953.26 12 877.65
0.00244706 2.94118e-06 0 0 0 0 0 0 5794 1054.34 1956.16 12 4122.25
0.00245 2.94118e-06 0 0 0 0 0 0 5794 1055.49 1959.51 12 5040.47
0.00245313 3.125e-06 0 0 0 0 0 0 5806 1057.5 1961.28 12 2892.01
0.00245938 3.125e-06 0 0 0 0 0 0 5806 1059.74 1968.11 12 4405.65
0.00246563 3.125e-06 0 0 0 0 0 0 5821 1061.01 1976.71 12 8855.25
0.00247188 3.125e-06 0 0 0 0 0 0 5788 1062.38 1985.08 12 7843.17
0.002475 3.125e-06 0 0 0 0 0 0 5797 1069.07 1978.08 12 866.222
0.00247813 3.125e-06 0 0 0 0 0 0 5803 1070.32 1981.2 12 4649.15
0.00248438 3.125e-06 0 0 0 0 0 0 5800 1072.23 1988.5 12 5510.04
0.00249063 3.125e-06 0 0 0 0 0 0 5848 1074.02 1996.04 12 6015.03
0.00249687 3.125e-06 0 0 0 0 0 0 5851 1075.72 2003.75 12 6856.97
0.00250313 3.125e-06 0 0 0 0 0 0 5875 1078.32 2009.8 12 3231.33
0.00250625 3.125e-06 0 0 0 0 0 0 5893 1082.58 2007.34 12 1384.16
0.00250938 3.125e-06 0 0 0 0 0 0 5920 1087.44 2003.81 12 1218.16
0.0025125 3.125e-06 0 0 0 0 0 0 5941 1089.46 2005.55 12 2938.26
0.00251875 3.125e-06 0 0 0 0 0 0 5947 1091.12 2013.38 12 8274.47
0.002525 3.125e-06 0 0 0 0 0 0 5965 1092.68 2021.41 12 7623.89
0.00253125 3.125e-06 0 0 0 0 0 0 5962 1094.29 2029.36 12 7903.47
0.0025375 3.125e-06 0 0 0 0 0 0 5950 1101.78 2026.37 12 895.615
0.00254063 3.125e-06 0 0 0 0 0 0 5938 1103.1 2029.32 12 4495.75
0.00254688 3.125e-06 0 0 0 0 0 0 5938 1104.87 2036.82 12 7273.56
0.00255313 3.125e-06 0 0 0 0 0 0 5944 1107.61 2042.52 12 3046.21
0.00255938 3.125e-06 0 0 0 0 0 0 5974 1108.95 2050.82 12 8104.1
0.0025625 3.125e-06 0 0 0 0 0 0 5980 1110.42 2053.5 12 4074.64
0.00256849 2.86458e-06 0 0 0 0 0 0 5971 1116.93 2052.2 12 996.961
0.00257135 2.86458e-06 0 0 0 0 0 0 5980 1118.65 2054.39 12 3477.79
0.00257422 2.86458e-06 0 0 0 0 0 0 5989 1119.9 2057.45 12 4808.97
0.00257995 2.86458e-06 0 0 0 0 0 0 5998 1121.81 2064.63 12 6538.28
0.00258568 2.86458e-06 0 0 0 0 0 0 6022 1123.69 2071.88 12 6222.34
0.00259141 2.86458e-06 0 0 0 0 0 0 6058 1125.39 2079.52 12 7686.37
0.00259714 2.86458e-06 0 0 0 0 0 0 6070 1133.16 2075.96 12 874.324
0.0026 2.86458e-06 0 0 0 0 0 0 6064 1134.31 2079.19 12 5261.14
0.00260294 2.94118e-06 0 0 0 0 0 0 6064 1137 2079.61 12 2253.49
0.00260882 2.94118e-06 0 0 0 0 0 0 6073 1138.64 2087.29 12 7172.16
0.00261471 2.94118e-06 0 0 0 0 0 0 6085 1140.31 2094.88 12 7886.06
0.00262059 2.94118e-06 0 0 0 0 0 0 6109 1141.85 2102.76 12 8130.98
0.00262647 2.94118e-06 0 0 0 0 0 0 6124 1148.86 2100.58 12 955.13
0.00262941 2.94118e-06 0 0 0 0 0 0 6127 1150.77 2102.42 12 3216.04
0.00263529 2.94118e-06 0 0 0 0 0 0 6106 1152.47 2109.91 12 8103.83
0.00264118 2.94118e-06 0 0 0 0 0 0 6115 1154 2117.71 12 8012.73
0.00264706 2.94118e-06 0 0 0 0 0 0 6148 1155.64 2125.34 12 7347.92
0.00265294 2.94118e-06 0 0 0 0 0 0 6181 1157.99 2131.69 12 3746.73
0.00265588 2.94118e-06 0 0 0 0 0 0 6193 1164.31 2125.45 12 981.225
0.00265882 2.94118e-06 0 0 0 0 0 0 6196 1165.79 2128.06 12 4166.64
0.00266176 2.94118e-06 0 0 0 0 0 0 6187 1167 2131.16 12 5131.85
0.00266765 2.94118e-06 0 0 0 0 0 0 6226 1168.87 2138.39 12 6744.6
0.00267353 2.94118e-06 0 0 0 0 0 0 6202 1170.9 2145.29 12 5394.69
0.00267941 2.94118e-06 0 0 0 0 0 0 6184 1172.27 2153.34 12 8028.03
0.00268529 2.94118e-06 0 0 0 0 0 0 6190 1179.46 2150.7 12 947.314
0.00268824 2.94118e-06 0 0 0 0 0 0 6175 1181.38 2152.44 12 3223.06
0.00269118 2.94118e-06 0 0 0 0 0 0 6175 1182.41 2155.78 12 5967.21
0.00269706 2.94118e-06 0 0 0 0 0 0 6199 1184.21 2162.96 12 7134.86
0.00270294 2.94118e-06 0 0 0 0 0 0 6178 1187.87 2166.71 12 2067.36
0.00270882 2.94118e-06 0 0 0 0 0 0 6181 1189.07 2174.9 12 9054.9
0.00271471 2.94118e-06 0 0 0 0 0 0 6157 1195.95 2172.69 12 1011.48
0.00271765 2.94118e-06 0 0 0 0 0 0 6169 1197.5 2175.03 12 3972.2
0.00272059 2.94118e-06 0 0 0 0 0 0 6169 1198.54 2178.3 12 5954.43
0.00272594 2.6738e-06 0 0 0 0 0 0 6226 1200.25 2185.56 12 7174.79
0.00273128 2.6738e-06 0 0 0 0 0 0 6253 1201.94 2192.88 12 8668.88
0.00273663 2.6738e-06 0 0 0 0 0 0 6277 1203.67 2200.15 12 7379.23
0.00274198 2.6738e-06 0 0 0 0 0 0 6295 1211.42 2196.43 12 912.243
0.00274465 2.6738e-06 0 0 0 0 0 0 6304 1212.77 2199.19 12 4682.26
0.00274733 2.6738e-06 0 0 0 0 0 0 6298 1213.86 2202.42 12 5803.78
0.00275278 2.77778e-06 0 0 0 0 0 0 6280 1217.17 2206.75 12 2537.13
0.00275833 2.77778e-06 0 0 0 0 0 0 6289 1218.92 2213.89 12 7240.83
0.00276389 2.77778e-06 0 0 0 0 0 0 6271 1220.75 2220.85 12 6381.13
0.00276944 2.77778e-06 0 0 0 0 0 0 6265 1228.05 2217.86 12 960.504
0.00277222 2.77778e-06 0 0 0 0 0 0 6268 1229.69 2220.01 12 3829.13
0.002775 2.77778e-06 0 0 0 0 0 0 6268 1231.42 2221.97 12 3605.32
0.00278056 2.77778e-06 0 0 0 0 0 0 6283 1233.26 2228.82 12 7109.87
0.00278611 2.77778e-06 0 0 0 0 0 0 6259 1234.83 2236.12 12 8336.36
0.00279167 2.77778e-06 0 0 0 0 0 0 6229 1236.47 2243.25 12 7797.8
0.00279722 2.77778e-06 0 0 0 0 0 0 6253 1244.16 2239.42 12 906.737
0.0028 2.77778e-06 0 0 0 0 0 0 6247 1245.8 2241.49 12 3811.35
0.00280278 2.77778e-06 0 0 0 0 0 0 6259 1248.29 2242.04 12 2517.98
0.00280833 2.77778e-06 0 0 0 0 0 0 6268 1249.54 2249.82 12 10320.6
0.00281389 2.77778e-06 0 0 0 0 0 0 6322 1250.71 2257.81 12 10569.2
0.00281667 2.77778e-06 0 0 0 0 0 0 6337 1251.73 2261.05 12 6250.52
0.00282222 2.77778e-06 0 0 0 0 0 0 6331 1253.03 2268.8 12 11187.5
0.002825 2.77778e-06 0 0 0 0 0 0 6334 1259.34 2262.46 12 1003.81
0.00282778 2.77778e-06 0 0 0 0 0 0 6340 1260.9 2264.7 12 4083.05
0.00283056 2.77778e-06 0 0 0 0 0 0 6319 1263.02 2265.9 12 2976.65
0.00283333 2.77778e-06 0 0 0 0 0 0 6310 1264.22 2268.73 12 5247.34
0.00283889 2.77778e-06 0 0 0 0 0 0 6325 1266.01 2275.51 12 7787.13
0.00284444 2.77778e-06 0 0 0 0 0 0 6343 1267.49 2282.85 12 8789.23
0.00285 2.77778e-06 0 0 0 0 0 0 6352 1269.07 2290.03 12 7763.69
0.00285278 2.77778e-06 0 0 0 0 0 0 6364 1279.24 2276.79 12 625.781
0.00285556 2.77778e-06 0 0 0 0 0 0 6370 1280.94 2278.75 12 3748.28
0.00285833 2.77778e-06 0 0 0 0 0 0 6364 1282.74 2280.5 12 3528.87
0.00286354 2.60417e-06 0 0 0 0 0 0 6379 1284.38 2287.52 12 7957.34
0.00286875 2.60417e-06 0 0 0 0 0 0 6349 1285.96 2294.59 12 7942
0.00287396 2.60417e-06 0 0 0 0 0 0 6334 1287.22 2302.2 12 12166.6
0.00287917 2.60417e-06 0 0 0 0 0 0 6319 1294.24 2299.48 12 976.25
0.00288177 2.60417e-06 0 0 0 0 0 0 6325 1295.6 2301.96 12 4675.84
0.00288698 2.60417e-06 0 0 0 0 0 0 6364 1297.2 2308.91 12 7918.73
0.00289219 2.60417e-06 0 0 0 0 0 0 6373 1298.67 2316.11 12 8164.6
0.0028974 2.60417e-06 0 0 0 0 0 0 6364 1300.18 2323.22 12 8257.16
0.00290263 2.63158e-06 0 0 0 0 0 0 6373 1303.21 2327.58 12 2823.3
0.00290526 2.63158e-06 0 0 0 0 0 0 6385 1309.44 2321.38 12 1025.52
0.00290789 2.63158e-06 0 0 0 0 0 0 6385 1310.8 2323.86 12 4711.3
0.00291053 2.63158e-06 0 0 0 0 0 0 6379 1312.71 2325.32 12 3325.48
0.00291579 2.63158e-06 0 0 0 0 0 0 6394 1314.6 2331.71 12 6997.97
0.00292105 2.63158e-06 0 0 0 0 0 0 6394 1315.96 2339.02 12 9858.7
0.00292632 2.63158e-06 0 0 0 0 0 0 6385 1317.17 2346.56 12 12083.4
0.00293158 2.63158e-06 0 0 0 0 0 0 6409 1324.44 2343.37 12 974.925
0.00293421 2.63158e-06 0 0 0 0 0 0 6412 1325.58 2346.19 12 5633.09
0.00293947 2.63158e-06 0 0 0 0 0 0 6367 1327.29 2352.77 12 8248.53
0.00294474 2.63158e-06 0 0 0 0 0 0 6352 1328.78 2359.69 12 8088.43
0.00295 2.63158e-06 0 0 0 0 0 0 6361 1330.42 2366.34 12 7588.74
0.00295263 2.63158e-06 0 0 0 0 0 0 6379 1332.34 2367.72 12 3321.76
0.00295789 2.63158e-06 0 0 0 0 0 0 6382 1339.25 2365.03 12 1031.53
0.00296053 2.63158e-06 0 0 0 0 0 0 6373 1340.83 2366.99 12 4033.71
0.00296316 2.63158e-06 0 0 0 0 0 0 6373 1341.87 2369.9 12 6112.61
0.00296579 2.63158e-06 0 0 0 0 0 0 6388 1343.39 2371.98 12 4206.59
0.00297105 2.63158e-06 0 0 0 0 0 0 6382 1344.73 2379.11 12 10032.7
0.00297632 2.63158e-06 0 0 0 0 0 0 6373 1345.88 2386.54 12 10299.1
0.00298158 2.63158e-06 0 0 0 0 0 0 6385 1347.25 2393.6 12 7965.56
0.00298421 2.63158e-06 0 0 0 0 0 0 6379 1353.88 2386.6 12 962.278
0.00298684 2.63158e-06 0 0 0 0 0 0 6373 1355.13 2389.09 12 5083.34
0.00298947 2.63158e-06 0 0 0 0 0 0 6403 1356.18 2391.96 12 6103.01
0.00299474 2.63158e-06 0 0 0 0 0 0 6376 1357.77 2398.56 12 10336.6
0.003 2.63158e-06 0 0 0 0 0 0 6403 1359.44 2405.01 12 7790.25
0.00300263 2.63158e-06 0 0 0 0 0 0 6409 1361.31 2406.42 12 3428.97
0.00300526 2.63158e-06 0 0 0 0 0 0 6400 1362.34 2409.31 12 6258.93
0.00300789 2.63158e-06 0 0 0 0 0 0 6400 1363.34 2412.24 12 6386.43
0.00301053 2.63158e-06 0 0 0 0 0 0 6406 1369.64 2405.82 12 1016.84
0.00301316 2.63158e-06 0 0 0 0 0 0 6400 1389.95 2375.26 12 315.023
0.00301579 2.63158e-06 0 0 0 0 0 0 6403 1398.87 2364.69 12 717.85
0.00301842 2.63158e-06 0 0 0 0 0 0 6397 1410.52 2349.7 12 549.157
0.00302105 2.63158e-06 0 0 0 0 0 0 6394 1413.23 2349.72 12 2362.46
0.00302368 2.63158e-06 0 0 0 0 0 0 6385 1414.9 2351.46 12 3820.08
0.00302895 2.63158e-06 0 0 0 0 0 0 6364 1416.6 2357.62 12 8631.18
0.00303421 2.63158e-06 0 0 0 0 0 0 6370 1418.37 2363.66 12 7634.41
0.00303684 2.63158e-06 0 0 0 0 0 0 6379 1419.59 2366.13 12 5243.12
0.00303947 2.63158e-06 0 0 0 0 0 0 6379 1424.68 2362.15 12 1253.51
0.00304211 2.63158e-06 0 0 0 0 0 0 6376 1426.16 2364.18 12 4316.51
0.00304474 2.63158e-06 0 0 0 0 0 0 6382 1428.21 2365.25 12 3109.91
0.00305 2.63158e-06 0 0 0 0 0 0 6394 1430.1 2371.04 12 6935.05
0.00305263 2.63158e-06 0 0 0 0 0 0 6409 1431.84 2372.65 12 3693.47
0.00305789 2.63158e-06 0 0 0 0 0 0 6400 1433.46 2378.9 12 7921.3
0.00306053 2.63158e-06 0 0 0 0 0 0 6421 1434.49 2381.67 12 6216.3
0.00306299 2.46711e-06 0 0 0 0 0 0 6430 1439.65 2377.59 12 1245.43
0.00306546 2.46711e-06 0 0 0 0 0 0 6430 1441.48 2379.03 12 3512.81
0.00306793 2.46711e-06 0 0 0 0 0 0 6415 1442.72 2381.44 12 5180.05
0.00307286 2.46711e-06 0 0 0 0 0 0 6412 1445.48 2385.76 12 3558.68
0.00307533 2.46711e-06 0 0 0 0 0 0 6403 1446.51 2388.48 12 6185.48
0.00308026 2.46711e-06 0 0 0 0 0 0 6421 1448.15 2394.65 12 8377.27
0.0030852 2.46711e-06 0 0 0 0 0 0 6412 1449.81 2400.76 12 7335.92
0.00308766 2.46711e-06 0 0 0 0 0 0 6412 1455.53 2395.73 12 1120.63
0.00309013 2.46711e-06 0 0 0 0 0 0 6424 1456.63 2398.33 12 5824.63
0.00309507 2.46711e-06 0 0 0 0 0 0 6409 1458.28 2404.4 12 8528.62
0.0031 2.46711e-06 0 0 0 0 0 0 6406 1459.81 2410.68 12 8307.44
0.0031025 2.5e-06 0 0 0 0 0 0 6397 1461.51 2412.25 12 3747.31
0.0031075 2.5e-06 0 0 0 0 0 0 6424 1462.9 2418.72 12 10879.6
0.0031125 2.5e-06 0 0 0 0 0 0 6418 1468.47 2418.28 12 1302.92
0.003115 2.5e-06 0 0 0 0 0 0 6415 1470.62 2419.1 12 2977.45
0.0031175 2.5e-06 0 0 0 0 0 0 6406 1471.83 2421.47 12 5316.46
0.00312 2.5e-06 0 0 0 0 0 0 6412 1472.88 2424.1 12 6097.86
0.003125 2.5e-06 0 0 0 0 0 0 6403 1474.65 2429.87 12 7074.78
0.00313 2.5e-06 0 0 0 0 0 0 6394 1476.15 2436.07 12 9578.48
0.003135 2.5e-06 0 0 0 0 0 0 6409 1477.74 2442.11 12 7847.08
0.0031375 2.5e-06 0 0 0 0 0 0 6427 1482.06 2439.32 12 1486.46
0.00314 2.5e-06 0 0 0 0 0 0 6424 1483.87 2440.69 12 3560.22
0.0031425 2.5e-06 0 0 0 0 0 0 6427 1492.64 2430.65 12 732.51
0.003145 2.5e-06 0 0 0 0 0 0 6415 1495.74 2429.89 12 2068.19
0.0031475 2.5e-06 0 0 0 0 0 0 6415 1496.93 2432.26 12 5410.59
0.0031525 2.5e-06 0 0 0 0 0 0 6394 1499.75 2436.21 12 3276.21
0.0031575 2.5e-06 0 0 0 0 0 0 6367 1501.1 2442.51 12 9303.71
0.0031625 2.5e-06 0 0 0 0 0 0 6400 1508.09 2439.68 12 1001.88
0.003165 2.5e-06 0 0 0 0 0 0 6406 1509.72 2441.29 12 3930.51
0.00317 2.5e-06 0 0 0 0 0 0 6409 1511.5 2446.88 12 7850.44
0.003175 2.5e-06 0 0 0 0 0 0 6400 1513.08 2452.81 12 7502.97
0.00318 2.5e-06 0 0 0 0 0 0 6400 1514.68 2458.66 12 7950.15
0.0031825 2.5e-06 0 0 0 0 0 0 6403 1516.18 2460.45 12 4261.09
0.0031875 2.5e-06 0 0 0 0 0 0 6418 1522.86 2458.1 12 1086.32
0.00319 2.5e-06 0 0 0 0 0 0 6415 1524.55 2459.58 12 3797.99
0.0031925 2.5e-06 0 0 0 0 0 0 6409 1526.34 2460.9 12 3583.52
0.0031975 2.5e-06 0 0 0 0 0 0 6385 1528.07 2466.47 12 7799.45
0.0032025 2.5e-06 0 0 0 0 0 0 6364 1530.81 2470.38 12 3322.61
0.0032075 2.5e-06 0 0 0 0 0 0 6361 1532.17 2476.48 12 8779.79
0.0032125 2.5e-06 0 0 0 0 0 0 6370 1539.24 2473.38 12 993.871
0.003215 2.5e-06 0 0 0 0 0 0 6367 1540.71 2475.15 12 4333.88
0.0032175 2.5e-06 0 0 0 0 0 0 6388 1541.77 2477.59 12 6007.85
0.0032225 2.5e-06 0 0 0 0 0 0 6376 1543.47 2483.13 12 8123.48
0.003225 2.5e-06 0 0 0 0 0 0 6367 1544.62 2485.4 12 5540.04
0.0032275 2.5e-06 0 0 0 0 0 0 6364 1547.59 2484.74 12 2141.62
0.0032325 2.5e-06 0 0 0 0 0 0 6358 1549.46 2489.95 12 7168.85
0.0032375 2.5e-06 0 0 0 0 0 0 6355 1556.76 2486.45 12 981.29
0.00324 2.5e-06 0 0 0 0 0 0 6346 1558.16 2488.28 12 4517.19
0.0032425 2.5e-06 0 0 0 0 0 0 6355 1559.3 2490.54 12 5598.23
0.003245 2.5e-06 0 0 0 0 0 0 6361 1562.77 2489.08 12 1833.01
0.0032475 2.5e-06 0 0 0 0 0 0 6376 1566.04 2487.95 12 1947.36
0.00324875 1.25e-06 0 0 0 0 0 0 6388 1567.37 2489.93 12 4832.19
0.00325217 2.17391e-06 0 0 0 0 0 0 6403 1569.84 2494.16 12 3799.79
0.00325652 2.17391e-06 0 0 0 0 0 0 6400 1571.31 2499.97 12 8139.78
0.0032587 2.17391e-06 0 0 0 0 0 0 6385 1577.52 2494.17 12 1027.67
0.00326087 2.17391e-06 0 0 0 0 0 0 6382 1580.02 2494.26 12 2551.78
0.00326304 2.17391e-06 0 0 0 0 0 0 6373 1581.36 2496.19 12 4770.57
0.00326522 2.17391e-06 0 0 0 0 0 0 6370 1582.46 2498.47 12 5759.67
0.00326754 2.31884e-06 0 0 0 0 0 0 6364 1583.48 2500.88 12 6259.42
0.00327217 2.31884e-06 0 0 0 0 0 0 6376 1585.1 2506.37 12 8355.72
0.00327449 2.31884e-06 0 0 0 0 0 0 6370 1587.35 2506.82 12 2825.87
0.00327681 2.31884e-06 0 0 0 0 0 0 6382 1588.36 2509.26 12 6357.72
0.00328145 2.31884e-06 0 0 0 0 0 0 6385 1594.15 2508.15 12 1287.2
0.00328377 2.31884e-06 0 0 0 0 0 0 6397 1597.17 2507.41 12 2117.89
0.00328609 2.31884e-06 0 0 0 0 0 0 6382 1598.32 2509.6 12 5541.26
0.00328841 2.31884e-06 0 0 0 0 0 0 6376 1599.36 2511.96 12 6141.21
0.00329072 2.31884e-06 0 0 0 0 0 0 6385 1600.44 2514.26 12 5934.89
0.00329536 2.31884e-06 0 0 0 0 0 0 6388 1602.25 2519.38 12 7640.92
0.0033 2.31884e-06 0 0 0 0 0 0 6409 1603.95 2524.69 12 8397.67
0.00330238 2.38095e-06 0 0 0 0 0 0 6415 1605.61 2526.08 12 3875.19
0.00330476 2.38095e-06 0 0 0 0 0 0 6406 1611.82 2520.32 12 1030.81
0.00330714 2.38095e-06 0 0 0 0 0 0 6418 1613.4 2521.83 12 4056.58
0.0033119 2.38095e-06 0 0 0 0 0 0 6442 1615.43 2526.64 12 6139.21
0.00331667 2.38095e-06 0 0 0 0 0 0 6427 1617.55 2531.28 12 5127.6
0.00332143 2.38095e-06 0 0 0 0 0 0 6406 1619.15 2536.7 12 7874.12
0.00332619 2.38095e-06 0 0 0 0 0 0 6361 1620.72 2542.11 12 8281.27
0.00332857 2.38095e-06 0 0 0 0 0 0 6370 1627.25 2535.82 12 975.747
0.00333095 2.38095e-06 0 0 0 0 0 0 6370 1628.77 2537.37 12 4191.64
0.00333333 2.38095e-06 0 0 0 0 0 0 6373 1629.94 2539.46 12 5447.07
0.0033381 2.38095e-06 0 0 0 0 0 0 6358 1631.69 2544.52 12 7461.62
0.00334286 2.38095e-06 0 0 0 0 0 0 6346 1633.33 2549.75 12 7962.56
0.00334762 2.38095e-06 0 0 0 0 0 0 6355 1634.47 2555.74 12 11519.6
0.00335238 2.38095e-06 0 0 0 0 0 0 6349 1644.65 2547.65 12 671.99
0.00335476 2.38095e-06 0 0 0 0 0 0 6346 1646.5 2548.63 12 3421.11
0.00335714 2.38095e-06 0 0 0 0 0 0 6343 1648.05 2550.08 12 4090.4
0.0033619 2.38095e-06 0 0 0 0 0 0 6352 1649.56 2555.46 12 10021.6
0.00336429 2.38095e-06 0 0 0 0 0 0 6349 1650.94 2557.16 12 4592.36
0.00336905 2.38095e-06 0 0 0 0 0 0 6367 1652.55 2562.37 12 8433.41
0.00337381 2.38095e-06 0 0 0 0 0 0 6376 1653.95 2567.91 12 9306.63
0.00337619 2.38095e-06 0 0 0 0 0 0 6373 1660.56 2561.53 12 964.253
0.00337857 2.38095e-06 0 0 0 0 0 0 6376 1662.22 2562.82 12 3857.85
0.00338095 2.38095e-06 0 0 0 0 0 0 6373 1663.31 2564.97 12 5851.43
0.00338571 2.38095e-06 0 0 0 0 0 0 6370 1665.04 2569.94 12 7324.28
0.00339048 2.38095e-06 0 0 0 0 0 0 6346 1668.28 2572.57 12 2621.16
0.00339524 2.38095e-06 0 0 0 0 0 0 6346 1669.78 2577.86 12 9258
0.0034 2.38095e-06 0 0 0 0 0 0 6328 1676.3 2575.4 12 1057.87
0.0034025 2.5e-06 0 0 0 0 0 0 6334 1679.4 2574.41 12 2043.75
0.0034075 2.5e-06 0 0 0 0 0 0 6325 1681.19 2579.2 12 7753.73
0.0034125 2.5e-06 0 0 0 0 0 0 6295 1682.79 2584.23 12 7523.96
0.0034175 2.5e-06 0 0 0 0 0 0 6268 1684.13 2589.63 12 11973.8
0.0034225 2.5e-06 0 0 0 0 0 0 6259 1685.71 2594.62 12 7515.62
0.003425 2.5e-06 0 0 0 0 0 0 6262 1692.07 2588.57 12 984.355
0.0034275 2.5e-06 0 0 0 0 0 0 6262 1693.5 2590.09 12 4404.95
0.00343 2.5e-06 0 0 0 0 0 0 6280 1694.58 2592.14 12 5781.55
0.003435 2.5e-06 0 0 0 0 0 0 6268 1702.47 2587.5 12 901.813
0.0034375 2.5e-06 0 0 0 0 0 0 6265 1703.57 2589.51 12 5692.5
0.00344 2.5e-06 0 0 0 0 0 0 6241 1705.58 2590.11 12 3102.28
0.0034425 2.5e-06 0 0 0 0 0 0 6238 1714.24 2580.67 12 720.634
0.003445 2.5e-06 0 0 0 0 0 0 6226 1716.71 2580.59 12 2521.38
0.0034475 2.5e-06 0 0 0 0 0 0 6223 1717.89 2582.42 12 5234.64
0.00345 2.5e-06 0 0 0 0 0 0 6214 1724.35 2576.35 12 961.907
0.00345278 2.77778e-06 0 0 0 0 0 0 6208 1727.97 2574.56 12 1719.09
0.00345556 2.77778e-06 0 0 0 0 0 0 6211 1729.43 2575.97 12 4231.96
0.00346148 2.96296e-06 0 0 0 0 0 0 6199 1731.11 2580.65 12 7424.73
0.00346741 2.96296e-06 0 0 0 0 0 0 6190 1732.32 2585.98 12 11919.4
0.00347333 2.96296e-06 0 0 0 0 0 0 6196 1733.64 2591.16 12 11055.8
0.00347926 2.96296e-06 0 0 0 0 0 0 6199 1740.09 2588.69 12 1038.19
0.00348222 2.96296e-06 0 0 0 0 0 0 6190 1741.76 2589.76 12 3707.36
0.00348519 2.96296e-06 0 0 0 0 0 0 6196 1742.83 2591.72 12 5778.07
0.00349111 2.96296e-06 0 0 0 0 0 0 6169 1744.51 2596.3 12 7211.5
0.00349704 2.96296e-06 0 0 0 0 0 0 6169 1747.14 2599.46 12 3763.32
0.0035 2.96296e-06 0 0 0 0 0 0 6178 1748.31 2601.26 12 5285.29
0.00350313 3.125e-06 0 0 0 0 0 0 6196 1750.51 2601.52 12 2810.19
0.00350962 3.36538e-06 0 0 0 0 0 0 6199 1757.54 2598.18 12 985.73
0.00351298 3.36538e-06 0 0 0 0 0 0 6187 1759.91 2598.19 12 2608.14
0.00351635 3.36538e-06 0 0 0 0 0 0 6172 1760.93 2600.19 12 6062.89
0.00352308 3.36538e-06 0 0 0 0 0 0 6190 1762.75 2604.52 12 6636.45
0.00352981 3.36538e-06 0 0 0 0 0 0 6154 1764.3 2609.21 12 9398.43
0.00353654 3.36538e-06 0 0 0 0 0 0 6130 1765.64 2614.18 12 7807.73
0.00354327 3.36538e-06 0 0 0 0 0 0 6130 1772.78 2610.57 12 971.537
0.00354663 3.36538e-06 0 0 0 0 0 0 6130 1774.39 2611.67 12 3822.32
0.00355357 3.57143e-06 0 0 0 0 0 0 6142 1777.64 2613.78 12 2571.57
0.00356071 3.57143e-06 0 0 0 0 0 0 6130 1779.3 2618.24 12 7600.64
0.00356429 3.57143e-06 0 0 0 0 0 0 6139 1780.51 2619.91 12 5068.29
0.00357143 3.57143e-06 0 0 0 0 0 0 6118 1782.16 2624.35 12 7743.86
0.00357857 3.57143e-06 0 0 0 0 0 0 6112 1790.02 2619.66 12 863.628
0.00358214 3.57143e-06 0 0 0 0 0 0 6115 1791.45 2620.98 12 4284.14
0.00358571 3.57143e-06 0 0 0 0 0 0 6112 1792.54 2622.79 12 5576.95
0.00358929 3.57143e-06 0 0 0 0 0 0 6106 1793.56 2624.71 12 6026.2
0.00359643 3.57143e-06 0 0 0 0 0 0 6097 1795.15 2629.17 12 7442.66
0.00360385 3.84615e-06 0 0 0 0 0 0 6076 1797.8 2632.05 12 3245.46
0.00361154 3.84615e-06 0 0 0 0 0 0 6070 1800.24 2635.24 12 4174.03
0.00361538 3.84615e-06 0 0 0 0 0 0 6064 1806.47 2629.52 12 974.111
0.00361923 3.84615e-06 0 0 0 0 0 0 6049 1807.86 2630.85 12 4355.57
0.00362308 3.84615e-06 0 0 0 0 0 0 6034 1808.89 2632.68 12 5833.92
0.00362692 3.84615e-06 0 0 0 0 0 0 6040 1810.64 2633.47 12 3456.94
0.00363077 3.84615e-06 0 0 0 0 0 0 6028 1818.51 2625.39 12 766.052
0.00363462 3.84615e-06 0 0 0 0 0 0 6028 1820.85 2625.33 12 2574.29
0.00363846 3.84615e-06 0 0 0 0 0 0 6037 1822.05 2626.91 12 5030.13
0.00364615 3.84615e-06 0 0 0 0 0 0 6046 1823.59 2631.32 12 8404.55
0.00365417 4.16667e-06 0 0 0 0 0 0 6055 1834.05 2622.91 12 633.253
0.00365833 4.16667e-06 0 0 0 0 0 0 6052 1835.44 2624.23 12 4362.77
0.0036625 4.16667e-06 0 0 0 0 0 0 6046 1836.53 2625.96 12 5540.28
0.00367083 4.16667e-06 0 0 0 0 0 0 6031 1837.95 2630.5 12 9003.84
0.00367917 4.16667e-06 0 0 0 0 0 0 6040 1839.63 2634.65 12 6236.29
0.0036875 4.16667e-06 0 0 0 0 0 0 6046 1841.56 2638.46 12 6307.33
0.00369167 4.16667e-06 0 0 0 0 0 0 6031 1845.01 2636.8 12 1748.36
0.00369583 4.16667e-06 0 0 0 0 0 0 6028 1851.85 2630.3 12 880.462
0.0037 4.16667e-06 0 0 0 0 0 0 6019 1853.32 2631.46 12 4094.79
0.00370455 4.54545e-06 0 0 0 0 0 0 5995 1856.32 2630.44 12 1999.16
0.00370909 4.54545e-06 0 0 0 0 0 0 5986 1857.45 2632.07 12 5305.38
0.00371364 4.54545e-06 0 0 0 0 0 0 5974 1858.47 2633.84 12 5862.76
0.00372273 4.54545e-06 0 0 0 0 0 0 5983 1859.99 2638.11 12 8307.38
0.00372727 4.54545e-06 0 0 0 0 0 0 6001 1861.44 2639.28 12 4139.51
0.00373636 4.54545e-06 0 0 0 0 0 0 6001 1863.18 2643.27 12 6800.71
0.00374091 4.54545e-06 0 0 0 0 0 0 5983 1872.94 2632.69 12 613.002
0.00374545 4.54545e-06 0 0 0 0 0 0 5986 1875.4 2632.42 12 2428.72
0.00375 4.54545e-06 0 0 0 0 0 0 6001 1876.57 2633.97 12 5126.69
0.003755 5e-06 0 0 0 0 0 0 5998 1878.81 2634.03 12 2683.99
0.003765 5e-06 0 0 0 0 0 0 5992 1880.21 2638.44 12 8963.15
0.00377 5e-06 0 0 0 0 0 0 5986 1881.7 2639.54 12 4026.97
0.00378 5e-06 0 0 0 0 0 0 5983 1883.29 2643.67 12 8918.63
0.00379 5e-06 0 0 0 0 0 0 5947 1890.01 2640.56 12 963.483
0.003795 5e-06 0 0 0 0 0 0 5935 1892.3 2640.51 12 2594.19
0.003805 5e-06 0 0 0 0 0 0 5902 1894.92 2643.09 12 3502.83
0.003815 5e-06 0 0 0 0 0 0 5881 1896.66 2646.87 12 6507.32
0.003825 5e-06 0 0 0 0 0 0 5851 1898.35 2650.69 12 6870.37
0.003835 5e-06 0 0 0 0 0 0 5875 1899.8 2654.84 12 9512.4
0.00384 5e-06 0 0 0 0 0 0 5848 1906.45 2648.65 12 880.202
0.003845 5e-06 0 0 0 0 0 0 5860 1908.39 2649.03 12 3020.32
0.003855 5e-06 0 0 0 0 0 0 5824 1911.32 2651.06 12 2816.35
0.00386 5e-06 0 0 0 0 0 0 5839 1912.55 2652.41 12 4764.98
0.00387 5e-06 0 0 0 0 0 0 5842 1914.07 2656.41 12 7924.5
0.00388 5e-06 0 0 0 0 0 0 5827 1915.22 2660.91 12 8713.65
0.00389 5e-06 0 0 0 0 0 0 5809 1922.86 2656.38 12 807.391
0.003895 5e-06 0 0 0 0 0 0 5806 1924.33 2657.37 12 3952.27
0.00390556 5.55556e-06 0 0 0 0 0 0 5794 1927.36 2659.21 12 2588.77
0.00391667 5.55556e-06 0 0 0 0 0 0 5797 1929.1 2662.81 12 6896.68
0.00392778 5.55556e-06 0 0 0 0 0 0 5773 1930.81 2666.43 12 6913.14
0.00393889 5.55556e-06 0 0 0 0 0 0 5782 1932.79 2669.69 12 5058.83
0.00394444 5.55556e-06 0 0 0 0 0 0 5782 1938.56 2664.73 12 1001.95
0.00395 5.55556e-06 0 0 0 0 0 0 5773 1940.43 2665.13 12 3082.15
0.00395556 5.55556e-06 0 0 0 0 0 0 5761 1943.25 2664.23 12 2040.98
0.00396111 5.55556e-06 0 0 0 0 0 0 5731 1948.41 2660.11 12 1110.46
0.00396667 5.55556e-06 0 0 0 0 0 0 5725 1949.78 2661.18 12 4181.19
0.00397222 5.55556e-06 0 0 0 0 0 0 5713 1951.05 2662.38 12 4507.71
0.00397778 5.55556e-06 0 0 0 0 0 0 5707 1952.11 2663.86 12 5406.29
0.00398333 5.55556e-06 0 0 0 0 0 0 5698 1963.94 2650.71 12 481.593
0.00398889 5.55556e-06 0 0 0 0 0 0 5677 1975.02 2638.72 12 512.407
0.00399444 5.55556e-06 0 0 0 0 0 0 5665 1984.82 2628.54 12 577.928
0.004 5.55556e-06 0 0 0 0 0 0 5647 1989.89 2624.68 12 1113.22
0.00400556 5.55556e-06 0 0 0 0 0 0 5635 1992.7 2623.81 12 2008.39
0.00401111 5.55556e-06 0 0 0 0 0 0 5641 1993.75 2625.26 12 5362.38
0.00401667 5.55556e-06 0 0 0 0 0 0 5629 1994.83 2626.65 12 5189.82
0.00402778 5.55556e-06 0 0 0 0 0 0 5629 1996.36 2630.28 12 7614.3
0.00403889 5.55556e-06 0 0 0 0 0 0 5632 1998.13 2633.59 12 6432.89
0.00405 5.55556e-06 0 0 0 0 0 0 5626 1999.73 2637.12 12 6917.39
0.00405556 5.55556e-06 0 0 0 0 0 0 5626 2006.89 2630.51 12 785.467
0.00406111 5.55556e-06 0 0 0 0 0 0 5632 2008.33 2631.43 12 3919.49
0.00406667 5.55556e-06 0 0 0 0 0 0 5638 2009.33 2632.93 12 5625.98
0.00407222 5.55556e-06 0 0 0 0 0 0 5626 2011.27 2633.19 12 2906.78
0.00407778 5.55556e-06 0 0 0 0 0 0 5626 2012.74 2634.06 12 3825.19
0.00408333 5.55556e-06 0 0 0 0 0 0 5608 2013.86 2635.38 12 5014.72
0.00408889 5.55556e-06 0 0 0 0 0 0 5602 2015.29 2636.29 12 3903.59
0.0041 5.55556e-06 0 0 0 0 0 0 5605 2017.03 2639.57 12 6454.62
0.00410556 5.55556e-06 0 0 0 0 0 0 5602 2018.7 2640.16 12 3357.52
0.00411111 5.55556e-06 0 0 0 0 0 0 5599 2022.02 2638.58 12 1682.95
0.00411667 5.55556e-06 0 0 0 0 0 0 5587 2025.06 2637.38 12 1838.34
0.00412222 5.55556e-06 0 0 0 0 0 0 5581 2026.1 2638.79 12 5403.53
0.00412778 5.55556e-06 0 0 0 0 0 0 5584 2028.05 2639 12 2854.03
0.00413889 5.55556e-06 0 0 0 0 0 0 5602 2029.3 2642.89 12 8850.58
0.00415 5.55556e-06 0 0 0 0 0 0 5599 2030.93 2646.29 12 6803.8
0.00415556 5.55556e-06 0 0 0 0 0 0 5623 2032.96 2646.41 12 2769.37
0.00416667 5.55556e-06 0 0 0 0 0 0 5596 2036.27 2647.61 12 2216.46
0.00417222 5.55556e-06 0 0 0 0 0 0 5569 2039.63 2645.98 12 1660.58
0.00417778 5.55556e-06 0 0 0 0 0 0 5554 2040.89 2647.06 12 4381.97
0.00418333 5.55556e-06 0 0 0 0 0 0 5536 2042.06 2648.26 12 4735.98
0.00418889 5.55556e-06 0 0 0 0 0 0 5533 2043.08 2649.64 12 5431.39
0.0042 5.55556e-06 0 0 0 0 0 0 5551 2045.39 2652.08 12 3776.6
0.00420556 5.55556e-06 0 0 0 0 0 0 5545 2047.12 2652.54 12 3196.42
0.00421667 5.55556e-06 0 0 0 0 0 0 5557 2048.72 2655.89 12 6988.73
0.00422222 5.55556e-06 0 0 0 0 0 0 5587 2051.61 2654.88 12 1939.23
0.00422778 5.55556e-06 0 0 0 0 0 0 5575 2054.4 2653.98 12 1992.08
0.00423333 5.55556e-06 0 0 0 0 0 0 5557 2055.97 2654.66 12 3546.16
0.00423889 5.55556e-06 0 0 0 0 0 0 5548 2056.97 2656.06 12 5534.08
0.00425 5.55556e-06 0 0 0 0 0 0 5569 2058.6 2659.37 12 7435.77
0.00425556 5.55556e-06 0 0 0 0 0 0 5584 2060.55 2659.55 12 2852.14
0.00426667 5.55556e-06 0 0 0 0 0 0 5572 2062.17 2662.88 12 6836.21
0.00427778 5.55556e-06 0 0 0 0 0 0 5554 2068.06 2660.67 12 1084.75
0.00428333 5.55556e-06 0 0 0 0 0 0 5572 2069.5 2661.51 12 3874.13
0.00428889 5.55556e-06 0 0 0 0 0 0 5572 2070.54 2662.87 12 5379.09
0.0043 5.55556e-06 0 0 0 0 0 0 5575 2072.14 2666.19 12 7277.31
0.00430556 5.55556e-06 0 0 0 0 0 0 5584 2074.05 2666.43 12 2929.7
0.00431667 5.55556e-06 0 0 0 0 0 0 5590 2075.83 2669.52 12 5978.76
0.00432778 5.55556e-06 0 0 0 0 0 0 5584 2077.31 2672.99 12 7631.71
0.00433889 5.55556e-06 0 0 0 0 0 0 5602 2088.54 2663.98 12 535.991
0.00434444 5.55556e-06 0 0 0 0 0 0 5611 2090.27 2664.46 12 3229.7
0.00435 5.55556e-06 0 0 0 0 0 0 5596 2091.39 2665.7 12 4994.31
0.00435556 5.55556e-06 0 0 0 0 0 0 5593 2093.87 2665.22 12 2260.01
0.00436667 5.55556e-06 0 0 0 0 0 0 5554 2095.95 2667.89 12 4634.28
0.00437778 5.55556e-06 0 0 0 0 0 0 5554 2097.38 2671.38 12 7525.52
0.00438889 5.55556e-06 0 0 0 0 0 0 5530 2102.9 2669.63 12 1107.62
0.00439444 5.55556e-06 0 0 0 0 0 0 5512 2104.48 2670.23 12 3473.66
0.0044 5.55556e-06 0 0 0 0 0 0 5488 2106.35 2670.47 12 2939.94
0.00440625 6.25e-06 0 0 0 0 0 0 5476 2108.89 2669.85 12 2152.14
0.00441786 5.35714e-06 0 0 0 0 0 0 5494 2110.36 2673.19 12 8287.01
0.00442857 5.35714e-06 0 0 0 0 0 0 5470 2111.85 2676.5 12 6556.9
0.00443929 5.35714e-06 0 0 0 0 0 0 5446 2113.46 2679.63 12 6672.12
0.00444464 5.35714e-06 0 0 0 0 0 0 5452 2118.14 2676.27 12 1163.27
0.00445 5.35714e-06 0 0 0 0 0 0 5473 2119.81 2676.75 12 3281.35
0.004455 5e-06 0 0 0 0 0 0 5473 2122.27 2676.22 12 2225.75
0.004465 5e-06 0 0 0 0 0 0 5482 2123.67 2679.62 12 8688.55
0.004475 5e-06 0 0 0 0 0 0 5494 2125.13 2682.95 12 6716.51
0.00448 5e-06 0 0 0 0 0 0 5500 2126.68 2683.58 12 3540.99
0.00449 5e-06 0 0 0 0 0 0 5497 2127.9 2687.2 12 9142.57
0.004495 5e-06 0 0 0 0 0 0 5503 2133.03 2683.32 12 1072.89
0.0045 5e-06 0 0 0 0 0 0 5527 2134.49 2684.07 12 3777.82
0.00450556 5.55556e-06 0 0 0 0 0 0 5536 2136.95 2683.58 12 2254.64
0.00451667 5.55556e-06 0 0 0 0 0 0 5509 2138.67 2686.58 12 6992.59
0.00452778 5.55556e-06 0 0 0 0 0 0 5482 2140.39 2689.56 12 5902.86
0.00453333 5.55556e-06 0 0 0 0 0 0 5452 2141.74 2690.41 12 4025.95
0.00453889 5.55556e-06 0 0 0 0 0 0 5437 2142.78 2691.64 12 5226.43
0.00454444 5.55556e-06 0 0 0 0 0 0 5452 2144.26 2692.32 12 3681.62
0.00455 5.55556e-06 0 0 0 0 0 0 5473 2149.46 2688.36 12 1053.94
0.00455556 5.55556e-06 0 0 0 0 0 0 5467 2152.83 2686.69 12 1620.49
0.00456667 5.55556e-06 0 0 0 0 0 0 5452 2154.5 2689.67 12 6918.87
0.00457778 5.55556e-06 0 0 0 0 0 0 5440 2156.61 2692.1 12 3934.44
0.00458889 5.55556e-06 0 0 0 0 0 0 5422 2157.79 2695.65 12 8418.26
0.0046 5.55556e-06 0 0 0 0 0 0 5428 2159.37 2698.7 12 6919.02
0.00460556 5.55556e-06 0 0 0 0 0 0 5428 2166.12 2692.8 12 804.533
0.00461111 5.55556e-06 0 0 0 0 0 0 5401 2167.49 2693.58 12 3935.72
0.00461667 5.55556e-06 0 0 0 0 0 0 5410 2168.61 2694.69 12 4831.79
0.00462778 5.55556e-06 0 0 0 0 0 0 5416 2170.4 2697.45 12 6848.21
0.00463889 5.55556e-06 0 0 0 0 0 0 5410 2171.77 2700.73 12 8783.37
0.00465 5.55556e-06 0 0 0 0 0 0 5404 2173.3 2703.8 12 6618.23
0.00465556 5.55556e-06 0 0 0 0 0 0 5395 2175.01 2704.16 12 3166.35
0.00466111 5.55556e-06 0 0 0 0 0 0 5377 2180.28 2700.08 12 1019.04
0.00466667 5.55556e-06 0 0 0 0 0 0 5362 2181.72 2700.76 12 3727.25
0.00467222 5.55556e-06 0 0 0 0 0 0 5326 2182.84 2701.82 12 4758.68
0.00468333 5.55556e-06 0 0 0 0 0 0 5338 2184.84 2704.22 12 4861.66
0.00468889 5.55556e-06 0 0 0 0 0 0 5362 2186.26 2704.92 12 3769.31
0.00469444 5.55556e-06 0 0 0 0 0 0 5338 2188 2705.21 12 3073.09
0.00470556 5.55556e-06 0 0 0 0 0 0 5371 2191.34 2705.99 12 2262.79
0.00471667 5.55556e-06 0 0 0 0 0 0 5404 2197.02 2703.91 12 1048.49
0.00472222 5.55556e-06 0 0 0 0 0 0 5392 2198.72 2704.27 12 3161.36
0.00472778 5.55556e-06 0 0 0 0 0 0 5398 2199.74 2705.47 12 5309.01
0.00473889 5.55556e-06 0 0 0 0 0 0 5404 2201.49 2708.21 12 6462.65
0.00475 5.55556e-06 0 0 0 0 0 0 5425 2203.28 2710.94 12 6015.03
0.00475556 5.55556e-06 0 0 0 0 0 0 5425 2204.98 2711.31 12 3189.43
0.00476667 5.55556e-06 0 0 0 0 0 0 5422 2207.67 2712.92 12 2755.94
0.00477222 5.55556e-06 0 0 0 0 0 0 5416 2212.85 2709.03 12 1046.33
0.00477778 5.55556e-06 0 0 0 0 0 0 5425 2217.21 2706.14 12 1242.19
0.00478333 5.55556e-06 0 0 0 0 0 0 5425 2221.6 2703.24 12 1237.36
0.00478889 5.55556e-06 0 0 0 0 0 0 5401 2239.19 2684.41 12 306.946
0.00479444 5.55556e-06 0 0 0 0 0 0 5365 2243.14 2682.08 12 1359.5
0.0048 5.55556e-06 0 0 0 0 0 0 5338 2250.95 2675.14 12 683.163
0.00480556 5.55556e-06 0 0 0 0 0 0 5314 2255.2 2672.46 12 1251.98
0.00481111 5.55556e-06 0 0 0 0 0 0 5302 2256.33 2673.47 12 4674.62
0.00482222 5.55556e-06 0 0 0 0 0 0 5320 2258.04 2676.16 12 6649.08
0.00482778 5.55556e-06 0 0 0 0 0 0 5347 2265.15 2670.11 12 751.808
0.00483333 5.55556e-06 0 0 0 0 0 0 5356 2269.17 2667.74 12 1330.64
0.00483889 5.55556e-06 0 0 0 0 0 0 5335 2270.35 2668.71 12 4554.55
0.00485 5.55556e-06 0 0 0 0 0 0 5329 2272 2671.47 12 7242.59
0.004855 5e-06 0 0 0 0 0 0 5317 2273.82 2671.67 12 2922.3
0.004865 5e-06 0 0 0 0 0 0 5329 2275.39 2674.51 12 6416.71
0.004875 5e-06 0 0 0 0 0 0 5308 2276.68 2677.66 12 7787.18
0.00488 5e-06 0 0 0 0 0 0 5314 2282.95 2672.63 12 846.871
0.004885 5e-06 0 0 0 0 0 0 5338 2284.59 2673.05 12 3260.78
0.00489 5e-06 0 0 0 0 0 0 5353 2286.01 2673.73 12 3772.4
0.004895 5e-06 0 0 0 0 0 0 5353 2287.01 2674.9 12 5337.33
0.004905 5e-06 0 0 0 0 0 0 5332 2289.79 2676.32 12 2871.64
0.004915 5e-06 0 0 0 0 0 0 5305 2291.2 2679.29 12 8346.88
0.004925 5e-06 0 0 0 0 0 0 5275 2292.54 2682.35 12 7168.08
0.00493 5e-06 0 0 0 0 0 0 5242 2299.28 2676.76 12 777.479
0.004935 5e-06 0 0 0 0 0 0 5245 2300.79 2677.29 12 3492.39
0.004945 5e-06 0 0 0 0 0 0 5245 2302.51 2679.85 12 6842.79
0.004955 5e-06 0 0 0 0 0 0 5293 2304.93 2681.62 12 3224.43
0.004965 5e-06 0 0 0 0 0 0 5302 2306.5 2684.38 12 6574
0.004975 5e-06 0 0 0 0 0 0 5290 2307.9 2687.35 12 8268.92
0.00498 5e-06 0 0 0 0 0 0 5293 2314.01 2682.53 12 865.46
0.004985 5e-06 0 0 0 0 0 0 5281 2315.65 2682.92 12 3225.76
0.00499 5e-06 0 0 0 0 0 0 5284 2316.74 2683.94 12 4860.25
0.005 5e-06 0 0 0 0 0 0 5308 2318.64 2686.3 12 5280.19
