t dt mgp.i mgp.nrelax mgpf.i mgpf.nrelax mgu.i mgu.nrelax grid->tn perf.t perf.speed npe perf.ispeed
0 3.55114e-06 0 0 0 0 0 0 16384 0 0 12 0
3.55114e-06 3.55114e-06 0 0 0 0 0 0 4558 8.19438 556.235 12 556.235
6.86891e-06 3.31778e-06 0 0 0 0 0 0 1714 11.1503 562.496 12 579.851
1.01867e-05 3.31778e-06 0 0 0 0 0 0 1054 12.9569 565.412 12 583.412
1.38061e-05 3.61939e-06 0 0 0 0 0 0 1054 13.0826 640.547 12 8389.25
1.74255e-05 3.61939e-06 0 0 0 0 0 0 1108 13.8043 687.321 12 1535.15
2.10449e-05 3.61939e-06 0 0 0 0 0 0 1108 14.0019 756.752 12 5606.66
2.46643e-05 3.61939e-06 0 0 0 0 0 0 1108 15.7553 742.859 12 631.915
2.82836e-05 3.61939e-06 0 0 0 0 0 0 1108 17.5765 728.926 12 608.388
3.26269e-05 4.34327e-06 0 0 0 0 0 0 1108 18.8928 736.789 12 841.783
3.69702e-05 4.34327e-06 0 0 0 0 0 0 1108 19.2049 782.509 12 3550.14
4.13135e-05 4.34327e-06 0 0 0 0 0 0 1120 21.0087 768.633 12 620.899
4.56567e-05 4.34327e-06 0 0 0 0 0 0 1144 22.2303 777.858 12 936.516
5e-05 4.34327e-06 0 0 0 0 0 0 1150 24.7496 745.142 12 456.465
5.55556e-05 5.55556e-06 0 0 0 0 0 0 1150 30.5451 641.412 12 198.431
6.11111e-05 5.55556e-06 0 0 0 0 0 0 1150 31.8848 650.529 12 858.4
7.22222e-05 5.55556e-06 0 0 0 0 0 0 1162 32.9881 698.858 12 3016.4
8.33333e-05 5.55556e-06 0 0 0 0 0 0 1162 34.7673 729.938 12 941.969
8.88889e-05 5.55556e-06 0 0 0 0 0 0 1162 36.9952 717.39 12 521.573
9.44444e-05 5.55556e-06 0 0 0 0 0 0 1162 39.9005 694.277 12 399.961
0.0001 5.55556e-06 0 0 0 0 0 0 1162 42.356 681.462 12 473.223
0.000108333 8.33333e-06 0 0 0 0 0 0 1168 45.5774 658.923 12 362.577
0.00015 8.33333e-06 0 0 0 0 0 0 1234 47.6812 756.608 12 928.425
0.00016 1e-05 0 0 0 0 0 0 1618 49.0884 767.88 12 1149.85
0.00019 1e-05 0 0 0 0 0 0 1624 50.1625 848.562 12 10153.5
0.0002125 1.25e-05 0 0 0 0 0 0 1630 51.6946 886.359 12 1287.37
0.0002625 1.25e-05 0 0 0 0 0 0 1636 54.442 961.721 12 745.799
0.00031 1e-05 0 0 0 0 0 0 1672 57.2222 1030.09 12 926.373
0.00032 1e-05 0 0 0 0 0 0 1696 58.3705 1038.88 12 1477
0.00033 1e-05 0 0 0 0 0 0 1696 59.5846 1046.18 12 1396.91
0.00034 1e-05 0 0 0 0 0 0 1696 60.6764 1055.3 12 1553.44
0.00035 1e-05 0 0 0 0 0 0 1696 61.7439 1064.53 12 1588.64
0.00036 1e-05 0 0 0 0 0 0 1696 64.3208 1048.24 12 658.155
0.00039 1e-05 0 0 0 0 0 0 1690 65.4333 1108.09 12 10495.1
0.000407143 7.14286e-06 0 0 0 0 0 0 1699 67.3609 1151.91 12 1199.97
0.000439286 5.35714e-06 0 0 0 0 0 0 1474 68.3695 1255.22 12 5758.44
0.00045625 6.25e-06 0 0 0 0 0 0 1294 70.1247 1278.57 12 872.742
0.000485938 4.6875e-06 0 0 0 0 0 0 1366 71.3632 1350.23 12 5174.58
0.000505 5e-06 0 0 0 0 0 0 1414 73.7501 1381.92 12 888.729
0.00052375 4.375e-06 0 0 0 0 0 0 1474 74.7657 1440.89 12 5120.62
0.000545625 4.375e-06 0 0 0 0 0 0 1516 75.7762 1521.15 12 10406.9
0.000554545 4.54545e-06 0 0 0 0 0 0 1522 78.1165 1514.55 12 699.183
0.000577273 4.54545e-06 0 0 0 0 0 0 1582 79.1508 1593.17 12 7020.38
0.0006 4.54545e-06 0 0 0 0 0 0 1648 80.1591 1674.47 12 9399.15
0.000604545 4.54545e-06 0 0 0 0 0 0 1648 81.4533 1668.1 12 1273.34
0.000627273 4.54545e-06 0 0 0 0 0 0 1927 82.6629 1748.85 12 5058.34
0.00065 4.54545e-06 0 0 0 0 0 0 1942 83.6958 1843.35 12 12412.7
0.000655 5e-06 0 0 0 0 0 0 1960 84.9567 1839.07 12 1554.45
0.00067 5e-06 0 0 0 0 0 0 1948 86.3142 1878.13 12 5292.51
0.000685 5e-06 0 0 0 0 0 0 1984 87.3885 1922.25 12 8019.05
0.0007 5e-06 0 0 0 0 0 0 2032 88.693 1962.11 12 4266.06
0.000705556 5.55556e-06 0 0 0 0 0 0 2050 90.0991 1954.24 12 1457.91
0.000722222 5.55556e-06 0 0 0 0 0 0 2065 91.3281 1996.04 12 3343.79
0.000744444 5.55556e-06 0 0 0 0 0 0 2134 92.3754 2064.45 12 8919.43
0.000755556 5.55556e-06 0 0 0 0 0 0 2128 94.0421 2073.11 12 1478.18
0.000777778 5.55556e-06 0 0 0 0 0 0 2122 95.1443 2138.5 12 10801.2
0.0008 5.55556e-06 0 0 0 0 0 0 2152 96.1622 2204.66 12 10573.5
0.000805556 5.55556e-06 0 0 0 0 0 0 2158 97.6136 2193.99 12 1486.88
0.000827778 5.55556e-06 0 0 0 0 0 0 2212 98.6316 2260.38 12 11519
0.00085 5.55556e-06 0 0 0 0 0 0 2266 99.8057 2323.89 12 8131.36
0.000855556 5.55556e-06 0 0 0 0 0 0 2287 101.865 2299.36 12 1110.75
0.000883333 5.55556e-06 0 0 0 0 0 0 2332 103.056 2385.51 12 12020.6
0.000905556 5.55556e-06 0 0 0 0 0 0 2392 105.341 2423.06 12 1778.32
0.000927778 5.55556e-06 0 0 0 0 0 0 2428 106.538 2487.33 12 6418.71
0.000933333 5.55556e-06 0 0 0 0 0 0 2428 107.74 2482.12 12 2020.13
0.000955556 5.55556e-06 0 0 0 0 0 0 2302 109.826 2521.8 12 1840.45
0.000976852 4.62963e-06 0 0 0 0 0 0 2269 111.143 2572.62 12 6594.55
0.000990741 4.62963e-06 0 0 0 0 0 0 2320 112.268 2608.42 12 10503.1
0.001005 5e-06 0 0 0 0 0 0 2455 114.668 2616.91 12 1425.76
0.001025 5e-06 0 0 0 0 0 0 2482 115.791 2676.73 12 11002.7
0.00104 5e-06 0 0 0 0 0 0 2494 116.98 2713.57 12 5992.34
0.001055 5e-06 0 0 0 0 0 0 2518 118.979 2731.09 12 1670.68
0.001075 5e-06 0 0 0 0 0 0 2602 120.132 2790.53 12 11194.9
0.00109 5e-06 0 0 0 0 0 0 2677 121.186 2832.06 12 8188
0.0011 5e-06 0 0 0 0 0 0 2692 122.239 2851.68 12 5482.4
0.001105 5e-06 0 0 0 0 0 0 2707 123.748 2838.78 12 1793.58
0.00112 5e-06 0 0 0 0 0 0 2731 124.836 2879.36 12 4909.69
0.001135 5e-06 0 0 0 0 0 0 2773 125.854 2921.74 12 11496.5
0.00115455 4.54545e-06 0 0 0 0 0 0 2842 128.241 2955.34 12 1902.72
0.00117273 4.54545e-06 0 0 0 0 0 0 2866 129.414 3017.09 12 12459.7
0.00118636 4.54545e-06 0 0 0 0 0 0 2971 130.659 3055.79 12 6084.37
0.0012 4.54545e-06 0 0 0 0 0 0 3025 131.88 3096.01 12 4006.31
0.00120455 4.54545e-06 0 0 0 0 0 0 3043 133.327 3085.22 12 2102.28
0.00122273 4.54545e-06 0 0 0 0 0 0 3160 134.51 3150.75 12 13246.9
0.00123485 3.78788e-06 0 0 0 0 0 0 3187 135.608 3195.64 12 9579.83
0.00125 3.78788e-06 0 0 0 0 0 0 3250 136.88 3260.76 12 11131.9
0.00125417 4.16667e-06 0 0 0 0 0 0 3259 138.481 3246.58 12 2034.79
0.00127083 4.16667e-06 0 0 0 0 0 0 3325 139.641 3314.33 12 13462.9
0.00128333 4.16667e-06 0 0 0 0 0 0 3418 140.682 3361.78 12 13450
0.00129333 3.33333e-06 0 0 0 0 0 0 3484 142.097 3401.68 12 5461.34
0.00130357 3.57143e-06 0 0 0 0 0 0 3520 144.177 3425.55 12 2548.12
0.00131429 3.57143e-06 0 0 0 0 0 0 3562 145.294 3472.28 12 10460.1
0.00132143 3.57143e-06 0 0 0 0 0 0 3595 146.466 3493.38 12 5893.89
0.00133571 3.57143e-06 0 0 0 0 0 0 3610 147.646 3563.41 12 14952.1
0.00134643 3.57143e-06 0 0 0 0 0 0 3607 148.786 3608.78 12 9927.29
0.00135385 3.84615e-06 0 0 0 0 0 0 3652 150.722 3610.65 12 2246.94
0.00136538 3.84615e-06 0 0 0 0 0 0 3808 151.987 3655 12 6783.27
0.00137644 3.36538e-06 0 0 0 0 0 0 3853 153.201 3701.32 12 8315.17
0.00138654 3.36538e-06 0 0 0 0 0 0 3865 154.267 3750.77 12 16319.9
0.0014 3.36538e-06 0 0 0 0 0 0 3913 155.689 3816.71 12 8092.33
0.00140357 3.57143e-06 0 0 0 0 0 0 3931 157.078 3807.99 12 2830.4
0.00141429 3.57143e-06 0 0 0 0 0 0 4003 158.315 3853.41 12 7785.09
0.001425 3.57143e-06 0 0 0 0 0 0 4069 159.386 3903.61 12 15925.3
0.00143571 3.57143e-06 0 0 0 0 0 0 4174 160.407 3956 12 15285.2
0.00144643 3.57143e-06 0 0 0 0 0 0 4261 162.01 3995.15 12 6511.09
0.00145357 3.57143e-06 0 0 0 0 0 0 4270 164.308 3991.31 12 2559.42
0.00146399 3.27381e-06 0 0 0 0 0 0 4297 165.416 4042.29 12 17716.9
0.00147381 3.27381e-06 0 0 0 0 0 0 4321 167.578 4067.32 12 3066.81
0.00148363 3.27381e-06 0 0 0 0 0 0 4387 168.612 4119.91 12 16988.1
0.00149345 3.27381e-06 0 0 0 0 0 0 4408 169.85 4167.53 12 10180.3
0.00150333 3.33333e-06 0 0 0 0 0 0 4426 172.671 4176.19 12 1990.4
0.00151333 3.33333e-06 0 0 0 0 0 0 4471 173.695 4228.56 12 16068.9
0.00152333 3.33333e-06 0 0 0 0 0 0 4585 174.718 4281.96 12 17229.3
0.00153333 3.33333e-06 0 0 0 0 0 0 4630 175.963 4330.5 12 10194.8
0.00154333 3.33333e-06 0 0 0 0 0 0 4753 177.036 4384.44 12 9433.91
0.00155312 3.125e-06 0 0 0 0 0 0 4783 179.472 4404.63 12 2922.67
0.00156562 3.125e-06 0 0 0 0 0 0 4795 180.723 4480.22 12 18253.9
0.001575 3.125e-06 0 0 0 0 0 0 4813 182.157 4523.99 12 7890.33
0.00158125 3.125e-06 0 0 0 0 0 0 4843 183.185 4551.51 12 7971.58
0.00159062 3.125e-06 0 0 0 0 0 0 4945 184.54 4597.96 12 9340.82
0.00160312 3.125e-06 0 0 0 0 0 0 5035 187.142 4640.99 12 3140.72
0.0016125 3.125e-06 0 0 0 0 0 0 5044 188.236 4694.34 12 19215.7
0.00162187 3.125e-06 0 0 0 0 0 0 5107 189.55 4742.29 12 10731.5
0.00163031 2.8125e-06 0 0 0 0 0 0 5188 190.556 4798.46 12 11260.3
0.00163875 2.8125e-06 0 0 0 0 0 0 5269 191.625 4853.85 12 19557.2
0.00164437 2.8125e-06 0 0 0 0 0 0 5305 193.043 4873.1 12 8613.83
0.00165294 2.94118e-06 0 0 0 0 0 0 5323 195.37 4896.7 12 3492.25
0.00166176 2.94118e-06 0 0 0 0 0 0 5386 196.671 4946.01 12 17780.4
0.00167059 2.94118e-06 0 0 0 0 0 0 5485 198.162 4991.37 12 8384.53
0.00167941 2.94118e-06 0 0 0 0 0 0 5524 199.177 5048.9 12 19578.1
0.00168824 2.94118e-06 0 0 0 0 0 0 5584 200.509 5098.62 12 10786.1
0.00169608 1.96078e-06 0 0 0 0 0 0 5629 201.631 5153.81 12 20719.2
0.0017 1.96078e-06 0 0 0 0 0 0 5665 202.985 5175.18 12 6881.48
0.00170263 2.63158e-06 0 0 0 0 0 0 5695 204.602 5162.11 12 3521.4
0.00171053 2.63158e-06 0 0 0 0 0 0 5731 206.295 5202.93 12 6836.99
0.00171842 2.63158e-06 0 0 0 0 0 0 5707 207.532 5254.5 12 16041.4
0.00172632 2.63158e-06 0 0 0 0 0 0 5701 208.875 5302.64 12 10806.7
0.00173421 2.63158e-06 0 0 0 0 0 0 5776 209.897 5359.17 12 16923.7
0.00174211 2.63158e-06 0 0 0 0 0 0 5818 211.006 5413.47 12 20201.1
0.00175 2.63158e-06 0 0 0 0 0 0 5971 212.346 5462.73 12 11611.7
0.00175278 2.77778e-06 0 0 0 0 0 0 6001 213.977 5449.14 12 3679.58
0.00176111 2.77778e-06 0 0 0 0 0 0 6103 215.104 5505.4 12 20343.9
0.00176944 2.77778e-06 0 0 0 0 0 0 6115 216.487 5554.96 12 11442.3
0.00177778 2.77778e-06 0 0 0 0 0 0 6130 217.644 5609.95 12 20452.2
0.00178542 2.43056e-06 0 0 0 0 0 0 6139 219.041 5658.16 12 11334.4
0.00179271 2.43056e-06 0 0 0 0 0 0 6190 220.232 5711.54 12 17837.5
0.0018 2.43056e-06 0 0 0 0 0 0 6247 221.632 5759.9 12 14933.8
0.0018025 2.5e-06 0 0 0 0 0 0 6247 223.328 5744.13 12 3683.42
0.00181 2.5e-06 0 0 0 0 0 0 6295 224.435 5799.84 12 21697
0.0018175 2.5e-06 0 0 0 0 0 0 6376 225.766 5850.17 12 12880
0.0018225 2.5e-06 0 0 0 0 0 0 6355 227.574 5859.56 12 4387.66
0.00183 2.5e-06 0 0 0 0 0 0 6337 228.713 5913.58 12 21517.8
0.0018375 2.5e-06 0 0 0 0 0 0 6397 230.12 5960.47 12 11983.6
0.001845 2.5e-06 0 0 0 0 0 0 6409 231.249 6014.58 12 21258.3
0.0018525 2.5e-06 0 0 0 0 0 0 6448 233.512 6038.91 12 4415.89
0.00186 2.5e-06 0 0 0 0 0 0 6541 234.595 6094.31 12 22423.2
0.0018675 2.5e-06 0 0 0 0 0 0 6592 235.918 6143.75 12 12678.5
0.001875 2.5e-06 0 0 0 0 0 0 6679 237.054 6198.42 12 22590.4
0.0018825 2.5e-06 0 0 0 0 0 0 6652 238.408 6247.11 12 13211.6
0.00189 2.5e-06 0 0 0 0 0 0 6688 239.546 6301.07 12 22036.9
0.0018975 2.5e-06 0 0 0 0 0 0 6766 240.916 6349.11 12 12741.8
0.00190238 2.38095e-06 0 0 0 0 0 0 6763 242.643 6359.75 12 4771.1
0.00190714 2.38095e-06 0 0 0 0 0 0 6697 243.865 6382.96 12 18720.4
0.00191429 2.38095e-06 0 0 0 0 0 0 6733 245.097 6433.15 12 13958.1
0.00192143 2.38095e-06 0 0 0 0 0 0 6787 246.248 6485.71 12 21957.2
0.00192857 2.38095e-06 0 0 0 0 0 0 6817 247.581 6533.17 12 13743.2
0.00193571 2.38095e-06 0 0 0 0 0 0 6862 248.652 6587.72 12 19233.6
0.00194286 2.38095e-06 0 0 0 0 0 0 6886 249.941 6636.36 12 17759.2
0.00195 2.38095e-06 0 0 0 0 0 0 6919 251.129 6687.65 12 14739.5
0.00195227 2.27273e-06 0 0 0 0 0 0 6931 252.689 6673.8 12 4443.36
0.00195682 2.27273e-06 0 0 0 0 0 0 6955 253.941 6695.69 12 22770.2
0.00196364 2.27273e-06 0 0 0 0 0 0 6901 255.272 6742.09 12 14309.9
0.00197045 2.27273e-06 0 0 0 0 0 0 6892 256.39 6793.16 12 22725.8
0.00197727 2.27273e-06 0 0 0 0 0 0 6985 257.511 6844.64 12 21751.4
0.00198182 2.27273e-06 0 0 0 0 0 0 7018 258.561 6871.02 12 15397.4
0.00198864 2.27273e-06 0 0 0 0 0 0 7096 260.005 6914.47 12 10316
0.00199318 2.27273e-06 0 0 0 0 0 0 7105 264.93 6839.59 12 1668.39
0.00199489 1.70455e-06 0 0 0 0 0 0 7111 269.368 6753.32 12 1602.51
0.00199659 1.70455e-06 0 0 0 0 0 0 7102 275.032 6640.06 12 1253.91
0.0019983 1.70455e-06 0 0 0 0 0 0 7120 277.544 6605.61 12 2833.81
0.002 1.70455e-06 0 0 0 0 0 0 7114 281.634 6534.95 12 1739.63
0.00200217 2.17391e-06 0 0 0 0 0 0 7132 288.271 6409.22 12 1074.46
0.00200435 2.17391e-06 0 0 0 0 0 0 7144 291.644 6359.6 12 2118.2
0.00200652 2.17391e-06 0 0 0 0 0 0 7171 293.263 6348.94 12 4429.22
0.0020087 2.17391e-06 0 0 0 0 0 0 7180 294.583 6344.85 12 5437.46
0.00201304 2.17391e-06 0 0 0 0 0 0 7219 296.524 6351.94 12 7553.21
0.00201739 2.17391e-06 0 0 0 0 0 0 7216 298.127 6366.18 12 9479.73
0.00202174 2.17391e-06 0 0 0 0 0 0 7165 299.329 6388.59 12 11620.7
0.00202609 2.17391e-06 0 0 0 0 0 0 7165 300.528 6410.75 12 10574.8
0.00203043 2.17391e-06 0 0 0 0 0 0 7207 301.722 6433.07 12 12604.3
0.00203478 2.17391e-06 0 0 0 0 0 0 7258 302.936 6455.08 12 15401.6
0.00203859 1.90217e-06 0 0 0 0 0 0 7339 304.906 6461.32 12 6829.65
0.00204239 1.90217e-06 0 0 0 0 0 0 7384 306.644 6472.8 12 8698.41
0.0020462 1.90217e-06 0 0 0 0 0 0 7402 308.296 6486.12 12 9047.1
0.00205 1.90217e-06 0 0 0 0 0 0 7393 309.669 6505.09 12 12970.4
0.00205208 2.08333e-06 0 0 0 0 0 0 7402 311.174 6497.41 12 4916.74
0.00205625 2.08333e-06 0 0 0 0 0 0 7393 315.532 6454.52 12 2156.75
0.00205833 2.08333e-06 0 0 0 0 0 0 7396 319.6 6395.51 12 1818.14
0.00206042 2.08333e-06 0 0 0 0 0 0 7387 326.93 6274.69 12 1007.65
0.0020625 2.08333e-06 0 0 0 0 0 0 7396 328.735 6262.74 12 4098.12
0.00206458 2.08333e-06 0 0 0 0 0 0 7399 329.754 6265.83 12 7260.1
0.00206875 2.08333e-06 0 0 0 0 0 0 7351 331.794 6271.69 12 5944.77
0.00207083 2.08333e-06 0 0 0 0 0 0 7348 332.809 6274.64 12 7238.57
0.00207292 2.08333e-06 0 0 0 0 0 0 7357 334.148 6271.5 12 5491.41
0.00207708 2.08333e-06 0 0 0 0 0 0 7294 339.678 6212.4 12 1595.26
0.00207917 2.08333e-06 0 0 0 0 0 0 7279 342.65 6179.76 12 2449.17
0.00208333 2.08333e-06 0 0 0 0 0 0 7276 345.388 6172.87 12 4106.6
0.00208542 2.08333e-06 0 0 0 0 0 0 7288 349.326 6124.13 12 1850.41
0.0020875 2.08333e-06 0 0 0 0 0 0 7303 355.833 6032.67 12 1122.37
0.00208958 2.08333e-06 0 0 0 0 0 0 7321 360.22 5979.52 12 1668.79
0.00209167 2.08333e-06 0 0 0 0 0 0 7342 364.154 5935.09 12 1866.32
0.00209375 2.08333e-06 0 0 0 0 0 0 7372 370.434 5854.37 12 1173.89
0.00209583 2.08333e-06 0 0 0 0 0 0 7384 374.341 5812.99 12 1889.76
0.00209792 2.08333e-06 0 0 0 0 0 0 7408 379.069 5760.04 12 1566.97
0.0021 2.08333e-06 0 0 0 0 0 0 7429 380.915 5751.63 12 4024.84
0.00210238 2.38095e-06 0 0 0 0 0 0 7441 383.478 5732.59 12 2902.86
0.00210714 2.38095e-06 0 0 0 0 0 0 7432 385.398 5742.59 12 7785.59
0.00210952 2.38095e-06 0 0 0 0 0 0 7450 386.483 5745.74 12 6865.34
0.00211429 2.38095e-06 0 0 0 0 0 0 7462 387.966 5762.26 12 9403.57
0.00211939 2.55102e-06 0 0 0 0 0 0 7444 389.287 5780.97 12 13167.6
0.00212449 2.55102e-06 0 0 0 0 0 0 7447 390.873 5795.61 12 8322.88
0.00212959 2.55102e-06 0 0 0 0 0 0 7444 392.175 5814.35 12 12150.5
0.00213469 2.55102e-06 0 0 0 0 0 0 7435 393.715 5829.39 12 10107
0.0021398 2.55102e-06 0 0 0 0 0 0 7432 395.506 5840.63 12 7665.51
0.0021449 2.55102e-06 0 0 0 0 0 0 7366 397.152 5853.61 12 8869.17
0.00215 2.55102e-06 0 0 0 0 0 0 7336 398.855 5865.45 12 8625.32
0.00215278 2.77778e-06 0 0 0 0 0 0 7339 401.129 5850.49 12 3226.41
0.00215556 2.77778e-06 0 0 0 0 0 0 7354 402.379 5850.6 12 5886.03
0.00215833 2.77778e-06 0 0 0 0 0 0 7384 405.519 5823.49 12 2351.02
0.00216111 2.77778e-06 0 0 0 0 0 0 7396 407.975 5806.57 12 3011.44
0.00216389 2.77778e-06 0 0 0 0 0 0 7426 414.319 5735.59 12 1170.66
0.00216667 2.77778e-06 0 0 0 0 0 0 7426 415.973 5730.64 12 4489.97
0.00217222 2.77778e-06 0 0 0 0 0 0 7474 417.862 5740.42 12 7832.54
0.00217778 2.77778e-06 0 0 0 0 0 0 7495 419.412 5754.92 12 10687.8
0.00218333 2.77778e-06 0 0 0 0 0 0 7516 421.074 5767.87 12 9117.77
0.00218889 2.77778e-06 0 0 0 0 0 0 7543 424.414 5758.01 12 2968.67
0.00219167 2.77778e-06 0 0 0 0 0 0 7543 432.12 5672.78 12 978.775
0.00219444 2.77778e-06 0 0 0 0 0 0 7549 434.742 5655.93 12 2879.18
0.00219722 2.77778e-06 0 0 0 0 0 0 7546 436.366 5652.17 12 4646.36
0.0022 2.77778e-06 0 0 0 0 0 0 7543 437.481 5655 12 6762.74
0.00220312 3.125e-06 0 0 0 0 0 0 7537 439.267 5649.17 12 4221.04
0.00220625 3.125e-06 0 0 0 0 0 0 7528 440.506 5650.37 12 6074.93
0.0022125 3.125e-06 0 0 0 0 0 0 7543 444.244 5636.78 12 2724.17
0.00221562 3.125e-06 0 0 0 0 0 0 7546 447.635 5610.93 12 2225.17
0.00221906 3.4375e-06 0 0 0 0 0 0 7537 449.164 5608.6 12 4927.49
0.0022225 3.4375e-06 0 0 0 0 0 0 7549 450.192 5612.57 12 7344.89
0.00222937 3.4375e-06 0 0 0 0 0 0 7543 451.795 5626.06 12 10248.5
0.00223625 3.4375e-06 0 0 0 0 0 0 7474 453.312 5640.27 12 9765.2
0.00224312 3.4375e-06 0 0 0 0 0 0 7435 454.936 5652.85 12 9075.27
0.00224656 3.4375e-06 0 0 0 0 0 0 7423 455.967 5656.35 12 7201.84
0.00225357 3.57143e-06 0 0 0 0 0 0 7414 458.743 5654.45 12 3530.88
0.00226071 3.57143e-06 0 0 0 0 0 0 7459 459.994 5671.45 12 10378.4
0.00226786 3.57143e-06 0 0 0 0 0 0 7513 461.614 5684 12 8812.78
0.002275 3.57143e-06 0 0 0 0 0 0 7558 463.322 5695.63 12 10007.9
0.00228214 3.57143e-06 0 0 0 0 0 0 7615 465.124 5706.27 12 7973.97
0.00228571 3.57143e-06 0 0 0 0 0 0 7618 468.99 5675.47 12 1970.37
0.00228929 3.57143e-06 0 0 0 0 0 0 7642 472.433 5650.3 12 2220.1
0.00229286 3.57143e-06 0 0 0 0 0 0 7654 473.687 5651.49 12 6102.07
0.0023 3.57143e-06 0 0 0 0 0 0 7696 475.926 5657.24 12 6130.39
0.00230385 3.84615e-06 0 0 0 0 0 0 7702 477.764 5651.6 12 4190.39
0.00231154 3.84615e-06 0 0 0 0 0 0 7702 479.48 5663.49 12 8726.34
0.00231923 3.84615e-06 0 0 0 0 0 0 7756 481.104 5676.6 12 10043.9
0.00232692 3.84615e-06 0 0 0 0 0 0 7762 482.772 5689.11 12 9322.7
0.00233462 3.84615e-06 0 0 0 0 0 0 7720 484.594 5699.66 12 8100.89
0.00233846 3.84615e-06 0 0 0 0 0 0 7675 486.199 5696.64 12 4784.59
0.00234615 3.84615e-06 0 0 0 0 0 0 7678 487.949 5707.63 12 9058.18
0.00235417 4.16667e-06 0 0 0 0 0 0 7690 490.557 5708.67 12 3898.57
0.00235833 4.16667e-06 0 0 0 0 0 0 7690 491.653 5711.58 12 7011.67
0.0023625 4.16667e-06 0 0 0 0 0 0 7690 492.689 5715.18 12 7427.26
0.00237083 4.16667e-06 0 0 0 0 0 0 7693 495.211 5717.12 12 4609.04
0.002375 4.16667e-06 0 0 0 0 0 0 7693 497 5712.01 12 4298.29
0.00237917 4.16667e-06 0 0 0 0 0 0 7690 498.162 5714.12 12 6618.36
0.00238333 4.16667e-06 0 0 0 0 0 0 7744 500.508 5702.82 12 3302.04
0.0023875 4.16667e-06 0 0 0 0 0 0 7780 501.926 5702.2 12 5483.97
0.00239167 4.16667e-06 0 0 0 0 0 0 7780 502.993 5705.57 12 7290.29
0.0024 4.16667e-06 0 0 0 0 0 0 7792 504.752 5716.55 12 8767.89
0.00240417 4.16667e-06 0 0 0 0 0 0 7783 507.603 5699.78 12 2730.06
0.00240833 4.16667e-06 0 0 0 0 0 0 7777 508.989 5699.54 12 5610.28
0.00241667 4.16667e-06 0 0 0 0 0 0 7771 510.761 5710.21 12 9085.02
0.002425 4.16667e-06 0 0 0 0 0 0 7804 512.328 5723.21 12 9943.57
0.00243333 4.16667e-06 0 0 0 0 0 0 7816 513.97 5735.35 12 9396.67
0.00244167 4.16667e-06 0 0 0 0 0 0 7840 516.336 5739.4 12 5166.6
0.00244583 4.16667e-06 0 0 0 0 0 0 7840 517.772 5738.63 12 5460.1
0.00245 4.16667e-06 0 0 0 0 0 0 7861 519.025 5739.92 12 6276.38
0.00245417 4.16667e-06 0 0 0 0 0 0 7831 524.251 5697.63 12 1498.26
0.00245833 4.16667e-06 0 0 0 0 0 0 7810 525.721 5696.56 12 5313.56
0.0024625 4.16667e-06 0 0 0 0 0 0 7819 533.574 5627.37 12 995.67
0.00246667 4.16667e-06 0 0 0 0 0 0 7834 537.196 5604.01 12 2162.83
0.00247083 4.16667e-06 0 0 0 0 0 0 7843 540.117 5588.23 12 2685.12
0.002475 4.16667e-06 0 0 0 0 0 0 7849 542.388 5579.31 12 3457.3
0.00247917 4.16667e-06 0 0 0 0 0 0 7840 543.589 5581.4 12 6525.84
0.00248333 4.16667e-06 0 0 0 0 0 0 7849 544.761 5583.8 12 6695.59
0.0024875 4.16667e-06 0 0 0 0 0 0 7831 547.582 5569.33 12 2775.72
0.00249167 4.16667e-06 0 0 0 0 0 0 7837 552.487 5534.07 12 1597.86
0.00249583 4.16667e-06 0 0 0 0 0 0 7828 555.897 5514.21 12 2295.97
0.0025 4.16667e-06 0 0 0 0 0 0 7813 557.352 5513.84 12 5369.84
0.00250455 4.54545e-06 0 0 0 0 0 0 7828 559.54 5506.26 12 3576.54
0.00251364 4.54545e-06 0 0 0 0 0 0 7894 563.342 5497.09 12 2690.75
0.00251818 4.54545e-06 0 0 0 0 0 0 7879 567.454 5471.14 12 1915.97
0.00252273 4.54545e-06 0 0 0 0 0 0 7894 571.802 5443.35 12 1815.82
0.00252727 4.54545e-06 0 0 0 0 0 0 7885 576.554 5412.16 12 1659.33
0.00253182 4.54545e-06 0 0 0 0 0 0 7900 583.169 5364.31 12 1194.11
0.00253636 4.54545e-06 0 0 0 0 0 0 7921 588.271 5331.25 12 1552.8
0.00254091 4.54545e-06 0 0 0 0 0 0 7909 595.143 5282.98 12 1150.74
0.00254545 4.54545e-06 0 0 0 0 0 0 7927 597.444 5275.9 12 3445.53
0.00255 4.54545e-06 0 0 0 0 0 0 7930 598.6 5278.96 12 6859.5
0.00255455 4.54545e-06 0 0 0 0 0 0 7930 600.484 5275.61 12 4210.11
0.00256364 4.54545e-06 0 0 0 0 0 0 7909 602.276 5286.2 12 8434.58
0.00257273 4.54545e-06 0 0 0 0 0 0 7930 604.107 5296.38 12 8533.28
0.00258182 4.54545e-06 0 0 0 0 0 0 7894 605.898 5306.8 12 8887.59
0.00258636 4.54545e-06 0 0 0 0 0 0 7891 607.514 5305.67 12 4880.71
0.00259545 4.54545e-06 0 0 0 0 0 0 7891 609.471 5314.5 12 8150.63
0.00260455 4.54545e-06 0 0 0 0 0 0 7873 612.407 5314.72 12 3806.29
0.00260909 4.54545e-06 0 0 0 0 0 0 7891 613.412 5318.87 12 7854.03
0.00261818 4.54545e-06 0 0 0 0 0 0 7867 614.979 5330.93 12 11525.2
0.00262727 4.54545e-06 0 0 0 0 0 0 7846 616.485 5343.38 12 9785.51
0.00263182 4.54545e-06 0 0 0 0 0 0 7831 617.924 5343.6 12 5441.1
0.00263636 4.54545e-06 0 0 0 0 0 0 7834 619.087 5346.22 12 6734.76
0.00264545 4.54545e-06 0 0 0 0 0 0 7831 621.195 5353.3 12 6889.67
0.00265 4.54545e-06 0 0 0 0 0 0 7825 622.591 5353.86 12 5605.18
0.00265455 4.54545e-06 0 0 0 0 0 0 7831 628.911 5312.51 12 1239.05
0.00265909 4.54545e-06 0 0 0 0 0 0 7849 635.12 5272.94 12 1264.13
0.00266364 4.54545e-06 0 0 0 0 0 0 7840 641.431 5233.28 12 1242.3
0.00266818 4.54545e-06 0 0 0 0 0 0 7858 648.445 5188.79 12 1120.35
0.00267273 4.54545e-06 0 0 0 0 0 0 7879 655.352 5146.13 12 1140.67
0.00267727 4.54545e-06 0 0 0 0 0 0 7903 660.138 5120.79 12 1651.34
0.00268182 4.54545e-06 0 0 0 0 0 0 7909 667.022 5079.79 12 1148.83
0.00268636 4.54545e-06 0 0 0 0 0 0 7912 672.576 5049.61 12 1424.69
0.00269091 4.54545e-06 0 0 0 0 0 0 7909 680.141 5005.07 12 1045.42
0.00269545 4.54545e-06 0 0 0 0 0 0 7900 686.88 4967.47 12 1172.33
0.0027 4.54545e-06 0 0 0 0 0 0 7903 688.738 4965.55 12 4253.5
0.00270455 4.54545e-06 0 0 0 0 0 0 7918 697.127 4917.15 12 943.847
0.00270909 4.54545e-06 0 0 0 0 0 0 7912 702.551 4890.45 12 1458.77
0.00271364 4.54545e-06 0 0 0 0 0 0 7882 709.43 4854.14 12 1145.82
0.00271818 4.54545e-06 0 0 0 0 0 0 7870 713.153 4839.83 12 2113.41
0.00272273 4.54545e-06 0 0 0 0 0 0 7891 720.374 4802.27 12 1092.87
0.00272727 4.54545e-06 0 0 0 0 0 0 7888 723.943 4789.49 12 2209.97
0.00273182 4.54545e-06 0 0 0 0 0 0 7867 726.525 4783.3 12 3047.53
0.00273636 4.54545e-06 0 0 0 0 0 0 7894 732.483 4755.17 12 1324.81
0.00274091 4.54545e-06 0 0 0 0 0 0 7906 735.444 4746.78 12 2670.15
0.00274545 4.54545e-06 0 0 0 0 0 0 7909 739.14 4733.74 12 2139.83
0.00275 4.54545e-06 0 0 0 0 0 0 7921 747.156 4693.55 12 988.112
0.00275455 4.54545e-06 0 0 0 0 0 0 7972 753.767 4662.96 12 1205.87
0.00275909 4.54545e-06 0 0 0 0 0 0 7975 756.757 4655.08 12 2667.7
0.00276364 4.54545e-06 0 0 0 0 0 0 7969 760.135 4644.88 12 2358.87
0.00276818 4.54545e-06 0 0 0 0 0 0 7963 767.812 4608.81 12 1037.34
0.00277273 4.54545e-06 0 0 0 0 0 0 7954 771.153 4599.15 12 2380.45
0.00277727 4.54545e-06 0 0 0 0 0 0 7933 775.166 4585.58 12 1976.97
0.00278182 4.54545e-06 0 0 0 0 0 0 7942 779.284 4571.53 12 1928.22
0.00278636 4.54545e-06 0 0 0 0 0 0 7972 782.591 4562.4 12 2410.8
0.00279091 4.54545e-06 0 0 0 0 0 0 7993 786.082 4552.31 12 2290.02
0.00279545 4.54545e-06 0 0 0 0 0 0 7987 788.277 4549.77 12 3638.33
0.0028 4.54545e-06 0 0 0 0 0 0 7993 792.311 4536.69 12 1981.3
0.00280455 4.54545e-06 0 0 0 0 0 0 7999 801.674 4493.68 12 854.329
0.00280909 4.54545e-06 0 0 0 0 0 0 7993 804.985 4485.13 12 2413.74
0.00281364 4.54545e-06 0 0 0 0 0 0 7972 811.983 4456.3 12 1139.32
0.00281818 4.54545e-06 0 0 0 0 0 0 7957 815.162 4448.67 12 2502.34
0.00282273 4.54545e-06 0 0 0 0 0 0 7951 820.132 4431.41 12 1600.01
0.00282727 4.54545e-06 0 0 0 0 0 0 7951 825.276 4413.43 12 1545.6
0.00283182 4.54545e-06 0 0 0 0 0 0 7927 832.018 4387.19 12 1175.85
0.00283636 4.54545e-06 0 0 0 0 0 0 7888 835.611 4377.76 12 2194.98
0.00284091 4.54545e-06 0 0 0 0 0 0 7891 840.002 4364.27 12 1796.99
0.00284545 4.54545e-06 0 0 0 0 0 0 7885 845.147 4347.03 12 1532.57
0.00285 4.54545e-06 0 0 0 0 0 0 7858 848.23 4340.5 12 2549.28
0.002855 5e-06 0 0 0 0 0 0 7843 855.735 4311.6 12 1045.06
0.00286 5e-06 0 0 0 0 0 0 7834 862.151 4288.6 12 1220.92
0.002865 5e-06 0 0 0 0 0 0 7837 865.637 4280.38 12 2248.03
0.00287 5e-06 0 0 0 0 0 0 7873 871.614 4260.06 12 1317.38
0.002875 5e-06 0 0 0 0 0 0 7900 875.94 4248.04 12 1825.8
0.00288 5e-06 0 0 0 0 0 0 7927 879.514 4239.79 12 2218.2
0.002885 5e-06 0 0 0 0 0 0 7948 885.435 4220.42 12 1342.29
0.00289 5e-06 0 0 0 0 0 0 7972 889.748 4208.92 12 1848.32
0.002895 5e-06 0 0 0 0 0 0 7993 895.149 4192.45 12 1480.09
0.0029 5e-06 0 0 0 0 0 0 8032 898.174 4187.28 12 2655.24
0.002905 5e-06 0 0 0 0 0 0 8017 905.499 4162.26 12 1094.45
0.00291 5e-06 0 0 0 0 0 0 8026 911.147 4145.26 12 1420.9
0.002915 5e-06 0 0 0 0 0 0 8005 914.784 4137.53 12 2201.13
0.00292 5e-06 0 0 0 0 0 0 7996 919.13 4126.67 12 1840.02
0.002925 5e-06 0 0 0 0 0 0 8002 924.486 4111.42 12 1493.94
0.00293 5e-06 0 0 0 0 0 0 7993 928.377 4102.8 12 2054.35
0.002935 5e-06 0 0 0 0 0 0 7996 933.157 4090.35 12 1672.93
0.00294 5e-06 0 0 0 0 0 0 7990 936.493 4084.31 12 2394.7
0.002945 5e-06 0 0 0 0 0 0 7993 938.88 4082.44 12 3348.17
0.00295 5e-06 0 0 0 0 0 0 8011 944.393 4067.09 12 1453.09
0.002955 5e-06 0 0 0 0 0 0 8011 952.893 4039.22 12 942.566
0.00296 5e-06 0 0 0 0 0 0 7987 959.109 4021.37 12 1284.74
0.002965 5e-06 0 0 0 0 0 0 7963 964.464 4007.29 12 1487
0.00297 5e-06 0 0 0 0 0 0 7942 967.539 4002.77 12 2582.87
0.002975 5e-06 0 0 0 0 0 0 7966 973.356 3987.03 12 1369.4
0.00298 5e-06 0 0 0 0 0 0 7951 977.546 3978.07 12 1897.6
0.002985 5e-06 0 0 0 0 0 0 7933 982.837 3964.73 12 1499.56
0.00299 5e-06 0 0 0 0 0 0 7930 992.536 3933.98 12 817.551
0.002995 5e-06 0 0 0 0 0 0 7918 994.39 3934.61 12 4272.65
0.003 5e-06 0 0 0 0 0 0 7906 995.741 3937.21 12 5849.14
0.003005 5e-06 0 0 0 0 0 0 7909 1002.81 3917.34 12 1118.9
0.00301 5e-06 0 0 0 0 0 0 7900 1004.6 3918.22 12 4413.78
0.003015 5e-06 0 0 0 0 0 0 7909 1014.36 3888.32 12 810.261
0.00302 5e-06 0 0 0 0 0 0 7909 1024.13 3858.95 12 809.695
0.003025 5e-06 0 0 0 0 0 0 7939 1027.76 3853.04 12 2185.43
0.00303 5e-06 0 0 0 0 0 0 7927 1033.8 3838.2 12 1312.5
0.003035 5e-06 0 0 0 0 0 0 7933 1038.98 3826.71 12 1532.67
0.00304 5e-06 0 0 0 0 0 0 7933 1042.98 3819.64 12 1982.56
0.003045 5e-06 0 0 0 0 0 0 7957 1049.86 3802.16 12 1155.58
0.00305 5e-06 0 0 0 0 0 0 7951 1058.07 3780.18 12 968.519
0.003055 5e-06 0 0 0 0 0 0 7960 1065.93 3759.78 12 1013.06
0.00306 5e-06 0 0 0 0 0 0 7966 1071.12 3748.99 12 1533.83
0.003065 5e-06 0 0 0 0 0 0 7963 1075.25 3742.01 12 1930.27
0.00307 5e-06 0 0 0 0 0 0 7972 1080.08 3732.65 12 1650.07
0.003075 5e-06 0 0 0 0 0 0 7972 1084.35 3725.32 12 1868.85
0.00308 5e-06 0 0 0 0 0 0 7963 1090.4 3711.95 12 1316.28
0.003085 5e-06 0 0 0 0 0 0 7978 1093.97 3707.13 12 2234.19
0.00309 5e-06 0 0 0 0 0 0 7972 1098.14 3700.31 12 1911.85
0.003095 5e-06 0 0 0 0 0 0 7975 1104.14 3687.42 12 1328.92
0.0031 5e-06 0 0 0 0 0 0 8005 1105.71 3689.43 12 5097.1
0.003105 5e-06 0 0 0 0 0 0 8011 1107.85 3689.53 12 3740.52
0.003115 5e-06 0 0 0 0 0 0 7960 1109.58 3698.14 12 8777.39
0.003125 5e-06 0 0 0 0 0 0 7942 1111.89 3704.77 12 5113.98
0.00313 5e-06 0 0 0 0 0 0 7933 1113.91 3705.18 12 3926.58
0.003135 5e-06 0 0 0 0 0 0 7921 1116.27 3704.44 12 3357.64
0.00314 5e-06 0 0 0 0 0 0 7894 1117.7 3706.75 12 5502.82
0.003145 5e-06 0 0 0 0 0 0 7891 1118.87 3709.92 12 6738.25
0.00315 5e-06 0 0 0 0 0 0 7858 1119.91 3713.52 12 7603.82
0.003155 5e-06 0 0 0 0 0 0 7864 1121.64 3714.79 12 4539.78
0.003165 5e-06 0 0 0 0 0 0 7849 1124.24 3720.16 12 4617.66
0.00317 5e-06 0 0 0 0 0 0 7831 1133.88 3695.45 12 812.705
0.003175 5e-06 0 0 0 0 0 0 7810 1144.41 3668.28 12 741.911
0.00318 5e-06 0 0 0 0 0 0 7807 1146.87 3667.2 12 3164.56
0.003185 5e-06 0 0 0 0 0 0 7816 1148.46 3668.94 12 4925.19
0.00319 5e-06 0 0 0 0 0 0 7828 1149.5 3672.44 12 7552.06
0.003195 5e-06 0 0 0 0 0 0 7819 1150.88 3674.82 12 5650.81
0.0032 5e-06 0 0 0 0 0 0 7816 1152.18 3677.45 12 6006.8
0.003205 5e-06 0 0 0 0 0 0 7810 1154.71 3676.17 12 3092.85
0.003215 5e-06 0 0 0 0 0 0 7819 1156.44 3684.17 12 9525.21
0.003225 5e-06 0 0 0 0 0 0 7795 1158.23 3691.97 12 9198.89
0.003235 5e-06 0 0 0 0 0 0 7762 1159.62 3700.94 12 10801.1
0.003245 5e-06 0 0 0 0 0 0 7741 1161.1 3709.58 12 10076.6
0.003255 5e-06 0 0 0 0 0 0 7738 1164.21 3712.98 12 3194.97
0.003265 5e-06 0 0 0 0 0 0 7723 1165.93 3720.73 12 9617.4
0.003275 5e-06 0 0 0 0 0 0 7684 1167.5 3728.92 12 11646.6
0.00328 5e-06 0 0 0 0 0 0 7657 1170.95 3724.46 12 2215.96
0.003285 5e-06 0 0 0 0 0 0 7648 1172.61 3725.72 12 4621.73
0.00329 5e-06 0 0 0 0 0 0 7651 1174.36 3726.68 12 4365.83
0.003295 5e-06 0 0 0 0 0 0 7639 1175.4 3729.88 12 7348.46
0.003305 5e-06 0 0 0 0 0 0 7651 1178.27 3733.76 12 4049.65
0.003315 5e-06 0 0 0 0 0 0 7633 1180.13 3740.84 12 7998.62
0.003325 5e-06 0 0 0 0 0 0 7642 1181.92 3748.09 12 8385.18
0.003335 5e-06 0 0 0 0 0 0 7633 1183.62 3755.62 12 9479.62
0.00334 5e-06 0 0 0 0 0 0 7627 1184.86 3758.11 12 6124.51
0.00335 5e-06 0 0 0 0 0 0 7621 1186.33 3766.3 12 12083.2
0.00335556 5.55556e-06 0 0 0 0 0 0 7603 1194.76 3746.09 12 902.01
0.00336111 5.55556e-06 0 0 0 0 0 0 7606 1200.83 3733.5 12 1253.74
0.00336667 5.55556e-06 0 0 0 0 0 0 7597 1202.52 3734.57 12 4496.23
0.00337222 5.55556e-06 0 0 0 0 0 0 7591 1203.78 3736.95 12 5995.22
0.00337778 5.55556e-06 0 0 0 0 0 0 7591 1204.95 3739.62 12 6494.51
0.00338889 5.55556e-06 0 0 0 0 0 0 7573 1206.51 3747.36 12 9414.62
0.0034 5.55556e-06 0 0 0 0 0 0 7513 1208.12 3754.84 12 9738.94
0.00340556 5.55556e-06 0 0 0 0 0 0 7504 1211.1 3751.78 12 2513.66
0.00341111 5.55556e-06 0 0 0 0 0 0 7483 1212.59 3753.36 12 5032.83
0.00341667 5.55556e-06 0 0 0 0 0 0 7474 1218.86 3740.16 12 1190.86
0.00342222 5.55556e-06 0 0 0 0 0 0 7426 1220.6 3740.92 12 4274.54
0.00342778 5.55556e-06 0 0 0 0 0 0 7408 1221.67 3743.71 12 6918.24
0.00343333 5.55556e-06 0 0 0 0 0 0 7417 1222.84 3746.2 12 6358.58
0.00344444 5.55556e-06 0 0 0 0 0 0 7378 1225.21 3751 12 4905
0.00345 5.55556e-06 0 0 0 0 0 0 7393 1226.65 3752.62 12 5130.92
0.00345556 5.55556e-06 0 0 0 0 0 0 7426 1228.27 3753.72 12 4591.41
0.00346667 5.55556e-06 0 0 0 0 0 0 7432 1229.86 3760.97 12 9185.67
0.00347222 5.55556e-06 0 0 0 0 0 0 7426 1236.11 3747.95 12 1187.28
0.00347778 5.55556e-06 0 0 0 0 0 0 7429 1237.75 3748.98 12 4531.6
0.00348333 5.55556e-06 0 0 0 0 0 0 7381 1239.17 3750.64 12 5196.02
0.00349444 5.55556e-06 0 0 0 0 0 0 7375 1240.87 3757.4 12 8041.71
0.00350556 5.55556e-06 0 0 0 0 0 0 7369 1243.48 3761.37 12 4189.66
0.00351667 5.55556e-06 0 0 0 0 0 0 7333 1245.27 3767.77 12 6948.97
0.00352778 5.55556e-06 0 0 0 0 0 0 7261 1252.68 3757.1 12 1117.61
0.00353333 5.55556e-06 0 0 0 0 0 0 7246 1254.14 3758.52 12 4981.35
0.00353889 5.55556e-06 0 0 0 0 0 0 7219 1255.79 3759.32 12 4371.26
0.00355 5.55556e-06 0 0 0 0 0 0 7174 1257.59 3765.35 12 8576.57
0.00355556 5.55556e-06 0 0 0 0 0 0 7123 1259.38 3765.67 12 3993.75
0.00356667 5.55556e-06 0 0 0 0 0 0 7072 1261.23 3771.38 12 8158.55
0.00357222 5.55556e-06 0 0 0 0 0 0 7069 1263.37 3770.57 12 3296.71
0.00357778 5.55556e-06 0 0 0 0 0 0 7066 1265.15 3770.85 12 3971.6
0.00358333 5.55556e-06 0 0 0 0 0 0 7066 1271.64 3757.19 12 1090.14
0.00358889 5.55556e-06 0 0 0 0 0 0 7063 1273.09 3758.45 12 4865.3
0.00359444 5.55556e-06 0 0 0 0 0 0 7036 1274.24 3760.58 12 6110.4
0.0036 5.55556e-06 0 0 0 0 0 0 7054 1275.88 3761.27 12 4298.44
0.00360556 5.55556e-06 0 0 0 0 0 0 7048 1277.67 3761.51 12 3934.46
0.00361667 5.55556e-06 0 0 0 0 0 0 7057 1279.22 3767.99 12 8798.42
0.00362778 5.55556e-06 0 0 0 0 0 0 7036 1280.59 3774.96 12 9991.74
0.00363889 5.55556e-06 0 0 0 0 0 0 7030 1287.72 3764.98 12 1071.53
0.00364444 5.55556e-06 0 0 0 0 0 0 7045 1289.28 3765.86 12 4488.91
0.00365 5.55556e-06 0 0 0 0 0 0 7033 1290.44 3767.94 12 6092.89
0.00365556 5.55556e-06 0 0 0 0 0 0 7045 1292.39 3767.69 12 3604.04
0.00366667 5.55556e-06 0 0 0 0 0 0 7012 1293.96 3773.97 12 9506.17
0.00367222 5.55556e-06 0 0 0 0 0 0 6997 1295.32 3775.43 12 5168.59
0.00368333 5.55556e-06 0 0 0 0 0 0 6988 1300.21 3771.99 12 1790.79
0.00368889 5.55556e-06 0 0 0 0 0 0 7006 1302 3772.19 12 3916.96
0.00369444 5.55556e-06 0 0 0 0 0 0 7018 1311.16 3751.17 12 765.69
0.0037 5.55556e-06 0 0 0 0 0 0 7015 1312.68 3752.17 12 4611.42
0.00370556 5.55556e-06 0 0 0 0 0 0 7024 1315.27 3750.12 12 2712.02
0.00371111 5.55556e-06 0 0 0 0 0 0 7006 1318.2 3747.11 12 2394.03
0.00371667 5.55556e-06 0 0 0 0 0 0 7000 1319.54 3748.59 12 5205.95
0.00372222 5.55556e-06 0 0 0 0 0 0 7024 1320.6 3750.93 12 6673.78
0.00373333 5.55556e-06 0 0 0 0 0 0 7003 1322.24 3756.87 12 8091.03
0.00374444 5.55556e-06 0 0 0 0 0 0 6967 1323.97 3762.47 12 8168.06
0.00375 5.55556e-06 0 0 0 0 0 0 6967 1330.35 3749.68 12 1092.84
0.00375556 5.55556e-06 0 0 0 0 0 0 6967 1332.97 3747.52 12 2653.4
0.00376667 5.55556e-06 0 0 0 0 0 0 6949 1334.81 3752.77 12 7806.22
0.00377222 5.55556e-06 0 0 0 0 0 0 6925 1336.25 3753.92 12 4826.74
0.00378333 5.55556e-06 0 0 0 0 0 0 6889 1337.94 3759.48 12 8044.8
0.00379444 5.55556e-06 0 0 0 0 0 0 6877 1339.58 3765.13 12 8439.24
0.00380556 5.55556e-06 0 0 0 0 0 0 6907 1349.74 3747.02 12 732.384
0.00381111 5.55556e-06 0 0 0 0 0 0 6910 1351.3 3747.79 12 4410.58
0.00382222 5.55556e-06 0 0 0 0 0 0 6916 1353.2 3752.75 12 7008.11
0.00383333 5.55556e-06 0 0 0 0 0 0 6877 1354.94 3758.1 12 8541.68
0.00384444 5.55556e-06 0 0 0 0 0 0 6871 1358.85 3757.37 12 2289.13
0.00385 5.55556e-06 0 0 0 0 0 0 6850 1361.5 3755.11 12 2591.61
0.00385556 5.55556e-06 0 0 0 0 0 0 6832 1363.85 3753.64 12 2904.05
0.00386111 5.55556e-06 0 0 0 0 0 0 6817 1372.91 3733.83 12 752.489
0.00386667 5.55556e-06 0 0 0 0 0 0 6820 1374.5 3734.46 12 4270.4
0.00387222 5.55556e-06 0 0 0 0 0 0 6814 1375.68 3736.23 12 5821.48
0.00387778 5.55556e-06 0 0 0 0 0 0 6805 1377.21 3737.01 12 4432.43
0.00388889 5.55556e-06 0 0 0 0 0 0 6799 1378.76 3742.65 12 8292.37
0.0039 5.55556e-06 0 0 0 0 0 0 6766 1380.36 3748.14 12 8134.53
0.00390556 5.55556e-06 0 0 0 0 0 0 6772 1382.08 3748.37 12 3934.95
0.00391667 5.55556e-06 0 0 0 0 0 0 6757 1389.13 3739.09 12 1088.21
0.00392222 5.55556e-06 0 0 0 0 0 0 6763 1390.59 3740.04 12 4642.73
0.00392778 5.55556e-06 0 0 0 0 0 0 6745 1391.84 3741.53 12 5397.54
0.00393889 5.55556e-06 0 0 0 0 0 0 6742 1393.59 3746.48 12 8420.06
0.00395 5.55556e-06 0 0 0 0 0 0 6706 1395.23 3751.7 12 7573.72
0.00395625 6.25e-06 0 0 0 0 0 0 6688 1397.57 3750.21 12 2860.64
0.00396875 6.25e-06 0 0 0 0 0 0 6691 1399.21 3755.38 12 8284.22
0.003975 6.25e-06 0 0 0 0 0 0 6691 1405.38 3743.65 12 1084
0.00398125 6.25e-06 0 0 0 0 0 0 6703 1407.7 3742.24 12 2888.4
0.0039875 6.25e-06 0 0 0 0 0 0 6682 1408.81 3744.04 12 6034.32
0.00399375 6.25e-06 0 0 0 0 0 0 6673 1410.06 3745.45 12 5338.37
0.004 6.25e-06 0 0 0 0 0 0 6658 1411.27 3746.96 12 5515.3
0.00400625 6.25e-06 0 0 0 0 0 0 6652 1413.4 3746.02 12 3119.68
0.00401875 6.25e-06 0 0 0 0 0 0 6640 1414.9 3751.43 12 8722.38
0.00403125 6.25e-06 0 0 0 0 0 0 6607 1416.41 3756.76 12 9154.22
0.0040375 6.25e-06 0 0 0 0 0 0 6604 1422.85 3744.41 12 1025.88
0.00404375 6.25e-06 0 0 0 0 0 0 6616 1424.59 3744.48 12 3802
0.00405 6.25e-06 0 0 0 0 0 0 6619 1425.8 3745.92 12 5439.68
0.00405625 6.25e-06 0 0 0 0 0 0 6616 1432.25 3733.69 12 1026.57
0.0040625 6.25e-06 0 0 0 0 0 0 6598 1433.67 3734.59 12 4646.68
0.00406875 6.25e-06 0 0 0 0 0 0 6589 1434.81 3736.22 12 5784.07
0.00408125 6.25e-06 0 0 0 0 0 0 6589 1436.51 3740.97 12 8273.58
0.0040875 6.25e-06 0 0 0 0 0 0 6583 1438.07 3741.49 12 4217.98
0.0041 6.25e-06 0 0 0 0 0 0 6568 1444.97 3732.71 12 1084.84
0.00410625 6.25e-06 0 0 0 0 0 0 6574 1448.25 3728.8 12 2006.67
0.00411875 6.25e-06 0 0 0 0 0 0 6556 1449.85 3733.74 12 8920.99
0.00413125 6.25e-06 0 0 0 0 0 0 6523 1451.57 3738.3 12 6891.17
0.00414375 6.25e-06 0 0 0 0 0 0 6487 1453.41 3742.52 12 7194.64
0.00415625 6.25e-06 0 0 0 0 0 0 6454 1455.89 3745.03 12 3848.02
0.0041625 6.25e-06 0 0 0 0 0 0 6436 1459.14 3741.08 12 1975.82
0.00416875 6.25e-06 0 0 0 0 0 0 6409 1462.07 3737.96 12 2186.45
0.004175 6.25e-06 0 0 0 0 0 0 6388 1463.65 3738.31 12 4063.44
0.00418125 6.25e-06 0 0 0 0 0 0 6376 1464.8 3739.73 12 5546.56
0.00419375 6.25e-06 0 0 0 0 0 0 6352 1467.26 3742.13 12 4220.99
0.0042 6.25e-06 0 0 0 0 0 0 6340 1468.4 3743.52 12 5520.01
0.00420625 6.25e-06 0 0 0 0 0 0 6325 1470.09 3743.52 12 3741.06
0.00421875 6.25e-06 0 0 0 0 0 0 6274 1471.34 3748.89 12 9832.35
0.004225 6.25e-06 0 0 0 0 0 0 6286 1478.17 3735.82 12 920.458
0.00423125 6.25e-06 0 0 0 0 0 0 6280 1479.76 3736.05 12 3952.75
0.0042375 6.25e-06 0 0 0 0 0 0 6262 1480.88 3737.46 12 5595.93
0.00425 6.25e-06 0 0 0 0 0 0 6265 1482.51 3741.79 12 7845.63
0.00425625 6.25e-06 0 0 0 0 0 0 6259 1484.22 3741.71 12 3674.61
0.00426875 6.25e-06 0 0 0 0 0 0 6214 1485.66 3746.47 12 8909.15
0.004275 6.25e-06 0 0 0 0 0 0 6217 1487.38 3746.3 12 3605.53
0.00428125 6.25e-06 0 0 0 0 0 0 6172 1491.97 3738.92 12 1345.59
0.0042875 6.25e-06 0 0 0 0 0 0 6139 1498.6 3726.48 12 926.224
0.00429375 6.25e-06 0 0 0 0 0 0 6148 1499.9 3727.34 12 4718.09
0.0043 6.25e-06 0 0 0 0 0 0 6151 1500.9 3728.96 12 6144.67
0.00430625 6.25e-06 0 0 0 0 0 0 6139 1503.52 3726.53 12 2339.15
0.00431875 6.25e-06 0 0 0 0 0 0 6106 1505.19 3730.52 12 7783.53
0.00433125 6.25e-06 0 0 0 0 0 0 6118 1506.95 3734.3 12 7061.8
0.00434375 6.25e-06 0 0 0 0 0 0 6094 1508.87 3737.64 12 5460.88
0.00435 6.25e-06 0 0 0 0 0 0 6091 1514.88 3726.82 12 1013.07
0.00435625 6.25e-06 0 0 0 0 0 0 6097 1517.52 3724.36 12 2309.09
0.0043625 6.25e-06 0 0 0 0 0 0 6091 1519.02 3724.68 12 4052.38
0.004375 6.25e-06 0 0 0 0 0 0 6058 1520.69 3728.58 12 7550.19
0.0043875 6.25e-06 0 0 0 0 0 0 6016 1521.96 3733.37 12 8936.6
0.0044 6.25e-06 0 0 0 0 0 0 5983 1523.56 3737.33 12 7460.03
0.00440625 6.25e-06 0 0 0 0 0 0 5977 1525.28 3737.03 12 3474.98
0.0044125 6.25e-06 0 0 0 0 0 0 5965 1531.56 3725.6 12 949.864
0.00441875 6.25e-06 0 0 0 0 0 0 5953 1532.95 3726.12 12 4297.27
0.004425 6.25e-06 0 0 0 0 0 0 5941 1534.12 3727.15 12 5082.54
0.00443125 6.25e-06 0 0 0 0 0 0 5932 1535.18 3728.42 12 5546.66
0.00444375 6.25e-06 0 0 0 0 0 0 5917 1537 3731.71 12 6701.79
0.00445625 6.25e-06 0 0 0 0 0 0 5863 1539.76 3732.66 12 2875.08
0.00446875 6.25e-06 0 0 0 0 0 0 5851 1541.3 3736.53 12 8143.43
0.004475 6.25e-06 0 0 0 0 0 0 5854 1551.25 3716.34 12 588.397
0.00448125 6.25e-06 0 0 0 0 0 0 5866 1553.12 3715.65 12 3139.92
0.0044875 6.25e-06 0 0 0 0 0 0 5863 1554.26 3716.69 12 5139.47
0.0045 6.25e-06 0 0 0 0 0 0 5875 1556.11 3719.81 12 5952.57
0.00450714 7.14286e-06 0 0 0 0 0 0 5854 1559.1 3716.43 12 1958.5
0.00452143 7.14286e-06 0 0 0 0 0 0 5836 1560.92 3719.59 12 7115.93
0.00453571 7.14286e-06 0 0 0 0 0 0 5812 1562.59 3723.06 12 7436.71
0.00454286 7.14286e-06 0 0 0 0 0 0 5791 1569.48 3710.39 12 839.997
0.00455 7.14286e-06 0 0 0 0 0 0 5782 1571.04 3710.4 12 3718.91
0.00455714 7.14286e-06 0 0 0 0 0 0 5770 1573.58 3708.08 12 2272.68
0.00457143 7.14286e-06 0 0 0 0 0 0 5776 1575.38 3711.17 12 6080.18
0.00458571 7.14286e-06 0 0 0 0 0 0 5758 1577.08 3714.48 12 6757.86
0.0046 7.14286e-06 0 0 0 0 0 0 5704 1579.27 3716.57 12 4298.62
0.00460714 7.14286e-06 0 0 0 0 0 0 5671 1580.86 3716.42 12 3559.76
0.00461429 7.14286e-06 0 0 0 0 0 0 5656 1587.14 3705.28 12 901.182
0.00462143 7.14286e-06 0 0 0 0 0 0 5659 1589.41 3703.55 12 2489.6
0.00462857 7.14286e-06 0 0 0 0 0 0 5632 1590.41 3704.75 12 5619.53
0.00464286 7.14286e-06 0 0 0 0 0 0 5602 1592.18 3707.68 12 7032.57
0.00465714 7.14286e-06 0 0 0 0 0 0 5602 1594.67 3708.91 12 3381.61
0.00467143 7.14286e-06 0 0 0 0 0 0 5569 1595.89 3713.06 12 8259.46
0.00468571 7.14286e-06 0 0 0 0 0 0 5563 1602.66 3704.34 12 930.36
0.00469286 7.14286e-06 0 0 0 0 0 0 5572 1604.17 3704.31 12 3678
0.0047 7.14286e-06 0 0 0 0 0 0 5542 1605.19 3705.41 12 5444.99
0.00470714 7.14286e-06 0 0 0 0 0 0 5533 1611.92 3693.38 12 822.349
0.00471429 7.14286e-06 0 0 0 0 0 0 5515 1613.19 3693.88 12 4330.14
0.00472857 7.14286e-06 0 0 0 0 0 0 5518 1614.68 3697.32 12 7858.78
0.00474286 7.14286e-06 0 0 0 0 0 0 5506 1616.18 3700.69 12 7032.22
0.00475714 7.14286e-06 0 0 0 0 0 0 5497 1626.03 3685.02 12 606.277
0.00476429 7.14286e-06 0 0 0 0 0 0 5476 1627.44 3685.19 12 3881.88
0.00477143 7.14286e-06 0 0 0 0 0 0 5467 1628.52 3686.12 12 5080.5
0.00477857 7.14286e-06 0 0 0 0 0 0 5461 1630.05 3685.99 12 3555.93
0.00478571 7.14286e-06 0 0 0 0 0 0 5467 1631.07 3687.04 12 5367.19
0.0048 7.14286e-06 0 0 0 0 0 0 5455 1632.88 3689.64 12 6054.85
0.00480714 7.14286e-06 0 0 0 0 0 0 5455 1634.64 3689.01 12 3105.28
0.00482143 7.14286e-06 0 0 0 0 0 0 5449 1636.19 3692.18 12 6823.6
0.00482857 7.14286e-06 0 0 0 0 0 0 5443 1642.58 3681.13 12 851.636
0.00483571 7.14286e-06 0 0 0 0 0 0 5425 1643.96 3681.32 12 3912.65
0.00484286 7.14286e-06 0 0 0 0 0 0 5413 1645.07 3682.14 12 4900.56
0.00485714 7.14286e-06 0 0 0 0 0 0 5389 1647.89 3682.38 12 2728.23
0.00487143 7.14286e-06 0 0 0 0 0 0 5389 1649.76 3684.74 12 4199.4
0.00488571 7.14286e-06 0 0 0 0 0 0 5347 1651.55 3687.24 12 6178.61
0.0049 7.14286e-06 0 0 0 0 0 0 5317 1658.02 3679.26 12 925.664
0.00490833 8.33333e-06 0 0 0 0 0 0 5299 1661.9 3673.87 12 1367.49
0.00491667 8.33333e-06 0 0 0 0 0 0 5287 1663.17 3674.24 12 4165.29
0.004925 8.33333e-06 0 0 0 0 0 0 5284 1664.19 3675.16 12 5174.41
0.00494167 8.33333e-06 0 0 0 0 0 0 5257 1665.79 3677.95 12 6979.45
0.00495 8.33333e-06 0 0 0 0 0 0 5242 1670.85 3669.96 12 1037.05
0.00495833 8.33333e-06 0 0 0 0 0 0 5239 1673.81 3666.59 12 1768.25
0.00496667 8.33333e-06 0 0 0 0 0 0 5230 1675.09 3666.92 12 4098.02
0.004975 8.33333e-06 0 0 0 0 0 0 5209 1677.11 3665.59 12 2567.41
0.00498333 8.33333e-06 0 0 0 0 0 0 5215 1683.16 3655.53 12 862.954
0.00499167 8.33333e-06 0 0 0 0 0 0 5194 1684.66 3655.35 12 3456.36
0.005 8.33333e-06 0 0 0 0 0 0 5179 1685.93 3655.67 12 4076.02
