t dt mgp.i mgp.nrelax mgpf.i mgpf.nrelax mgu.i mgu.nrelax grid->tn perf.t perf.speed npe perf.ispeed
0 4.43892e-05 0 0 0 0 0 0 65536 0 0 8 0
4e-05 4e-05 0 0 0 0 0 0 17368 6.2816 2764.9 8 2764.9
4.2e-05 2e-06 0 0 0 0 0 0 5533 8.30647 2757.01 8 2732.52
4.42353e-05 2.23529e-06 0 0 0 0 0 0 2674 9.05166 2825.45 8 3588.32
4.67899e-05 2.55462e-06 0 0 0 0 0 0 2014 9.57621 2880.99 8 3839.5
4.95574e-05 2.76751e-06 0 0 0 0 0 0 2014 10.0857 2935.14 8 3952.9
5.26017e-05 3.04426e-06 0 0 0 0 0 0 2014 10.4564 3023.69 8 5432.89
5.56459e-05 3.04426e-06 0 0 0 0 0 0 2014 10.745 3129.92 8 6979.07
5.91251e-05 3.47915e-06 0 0 0 0 0 0 2011 11.1834 3187.06 8 4587.6
6.26042e-05 3.47915e-06 0 0 0 0 0 0 2011 11.5809 3251.29 8 5058.01
6.60834e-05 3.47915e-06 0 0 0 0 0 0 2014 12.1293 3270.34 8 3672.5
8e-05 3.47915e-06 0 0 0 0 0 0 2068 13.4112 3570.09 8 5247.6
8.5e-05 5e-06 0 0 0 0 0 0 2071 14.4125 3465.74 8 2068.22
0.000105 5e-06 0 0 0 0 0 0 2137 15.5822 3746.46 8 9834.87
0.00012 5e-06 0 0 0 0 0 0 2158 16.7907 3861.48 8 4539.56
0.000126667 6.66667e-06 0 0 0 0 0 0 2158 18.0143 3718.99 8 1763.67
0.000153333 6.66667e-06 0 0 0 0 0 0 2161 19.1892 3941.59 8 6154.5
0.000166667 6.66667e-06 0 0 0 0 0 0 2173 20.9241 3822.2 8 1655.44
0.000193333 6.66667e-06 0 0 0 0 0 0 2176 22.6464 3915.86 8 2820.89
0.000208 8e-06 0 0 0 0 0 0 2179 24.6147 3779.77 8 1469.59
0.00024 8e-06 0 0 0 0 0 0 2179 25.9145 3926.53 8 6793.79
0.000248 8e-06 0 0 0 0 0 0 2182 27.225 3817.67 8 1665.08
0.000272 8e-06 0 0 0 0 0 0 2188 28.3849 3892.59 8 4836.78
0.00029 1e-05 0 0 0 0 0 0 2197 30.22 3801.42 8 1519.78
0.00031 1e-05 0 0 0 0 0 0 2200 31.2893 3812.04 8 3378.95
0.00033 1e-05 0 0 0 0 0 0 2206 33.3937 3703.75 8 1229.04
0.00036 1e-05 0 0 0 0 0 0 2233 34.4508 3783.51 8 4566.49
0.00037 1e-05 0 0 0 0 0 0 2233 35.6559 3718.27 8 1853.02
0.00039 1e-05 0 0 0 0 0 0 2254 36.7678 3727.94 8 2630.6
0.00041 1e-05 0 0 0 0 0 0 2263 38.645 3663.89 8 1629.37
0.00044 1e-05 0 0 0 0 0 0 2266 39.8162 3726.78 8 6425.38
0.00045 1e-05 0 0 0 0 0 0 2269 41.1026 3665.34 8 1763.83
0.00047 1e-05 0 0 0 0 0 0 2272 42.2952 3669.35 8 4062.11
0.00049 1e-05 0 0 0 0 0 0 2290 44.4745 3592.12 8 1333.86
0.00051 1e-05 0 0 0 0 0 0 2299 45.5269 3610.02 8 3649.73
0.00053 1e-05 0 0 0 0 0 0 2308 47.6145 3548.62 8 1489.24
0.00056 1e-05 0 0 0 0 0 0 2311 48.7496 3608.22 8 8508.77
0.00057 1e-05 0 0 0 0 0 0 2311 50.4162 3534.77 8 1386.6
0.00059 1e-05 0 0 0 0 0 0 2314 51.6179 3542.09 8 5245.8
0.00061 1e-05 0 0 0 0 0 0 2317 53.2058 3523.47 8 1939.6
0.00063 1e-05 0 0 0 0 0 0 2320 54.2314 3542.34 8 4106.49
0.00065 1e-05 0 0 0 0 0 0 2329 56.0236 3512.16 8 1714.26
0.00068 1e-05 0 0 0 0 0 0 2347 57.6331 3536.25 8 3579.4
0.00069 1e-05 0 0 0 0 0 0 2347 59.1497 3485.26 8 1547.61
0.00071 1e-05 0 0 0 0 0 0 2371 60.352 3494.15 8 4525.4
0.00073 1e-05 0 0 0 0 0 0 2389 62.7424 3437.04 8 1445.9
0.00075 1e-05 0 0 0 0 0 0 2401 63.9628 3446.49 8 3780
0.00077 1e-05 0 0 0 0 0 0 2416 65.8797 3419.46 8 1931.2
0.00079 1e-05 0 0 0 0 0 0 2419 67.2338 3422.55 8 3230.91
0.00081 1e-05 0 0 0 0 0 0 2428 69.3096 3390.06 8 1606.52
0.00084 1e-05 0 0 0 0 0 0 2446 70.5966 3431.78 8 7875
0.00085 1e-05 0 0 0 0 0 0 2452 71.8046 3408.19 8 2029.83
0.00087 1e-05 0 0 0 0 0 0 2476 72.8106 3428.95 8 6782.37
0.00089 1e-05 0 0 0 0 0 0 3259 74.9069 3419.53 8 2143.6
0.00091 1e-05 0 0 0 0 0 0 3310 76.1322 3451.21 8 5717.52
0.00093 1e-05 0 0 0 0 0 0 3331 78.0524 3451.62 8 2287.32
0.00095 1e-05 0 0 0 0 0 0 3349 79.4571 3474.71 8 4710.09
0.00097 1e-05 0 0 0 0 0 0 3355 81.6013 3465.6 8 2344.16
0.00099 1e-05 0 0 0 0 0 0 3361 82.776 3497.58 8 5210.88
0.001 1e-05 0 0 0 0 0 0 3376 83.8821 3491.71 8 3052.12
0.00101 1e-05 0 0 0 0 0 0 3391 85.5759 3462.22 8 2001.96
0.00103 1e-05 0 0 0 0 0 0 3403 86.7067 3495.57 8 7260.63
0.00105 1e-05 0 0 0 0 0 0 3409 88.8872 3486.49 8 2089.2
0.00107 1e-05 0 0 0 0 0 0 3424 89.9773 3520.32 8 5434.88
0.00109333 1.33333e-05 0 0 0 0 0 0 3430 91.9029 3521.17 8 2376.76
0.00113333 1.33333e-05 0 0 0 0 0 0 3439 94.7453 3524.33 8 1840.65
0.00116 1.33333e-05 0 0 0 0 0 0 3463 96.2298 3541.72 8 5691.09
0.00117333 1.33333e-05 0 0 0 0 0 0 3469 97.8776 3517.54 8 2105.27
0.0012 1.33333e-05 0 0 0 0 0 0 3502 99.5774 3527.53 8 4395.79
0.00121333 1.33333e-05 0 0 0 0 0 0 3505 100.833 3518.35 8 2790.9
0.00124 1.33333e-05 0 0 0 0 0 0 3508 101.999 3546.89 8 6478.76
0.00125333 1.33333e-05 0 0 0 0 0 0 3511 103.618 3525.35 8 2168.69
0.00128 1.33333e-05 0 0 0 0 0 0 3529 105.279 3536.65 8 4496.58
0.00129333 1.33333e-05 0 0 0 0 0 0 3535 106.831 3518.37 8 2277.99
0.00130667 1.33333e-05 0 0 0 0 0 0 3550 108.194 3506.84 8 2603.8
0.00132 1.33333e-05 0 0 0 0 0 0 3562 109.221 3506.48 8 3468.42
0.00133333 1.33333e-05 0 0 0 0 0 0 3565 110.856 3486.93 8 2180.64
0.00134667 1.33333e-05 0 0 0 0 0 0 3565 111.872 3487.12 8 3508.43
0.00137333 1.33333e-05 0 0 0 0 0 0 3580 113.963 3485.9 8 2421.35
0.0014 1.33333e-05 0 0 0 0 0 0 3580 115.07 3514.58 8 6510.75
0.00141333 1.33333e-05 0 0 0 0 0 0 3577 116.439 3503.96 8 2611.68
0.00144 1.33333e-05 0 0 0 0 0 0 3577 117.902 3521.17 8 3472.77
0.00145333 1.33333e-05 0 0 0 0 0 0 3574 119.928 3491.48 8 1763.74
0.00148 1.33333e-05 0 0 0 0 0 0 3586 121.424 3507.47 8 4559.35
0.00149333 1.33333e-05 0 0 0 0 0 0 3580 122.942 3493.28 8 2358.1
0.00151333 6.66667e-06 0 0 0 0 0 0 3583 124.269 3513.61 8 5572.46
0.00153 1e-05 0 0 0 0 0 0 3601 126.141 3518.5 8 2718.31
0.00155 1e-05 0 0 0 0 0 0 3607 127.813 3528.9 8 3422.14
0.00157 1e-05 0 0 0 0 0 0 3628 130.812 3503.37 8 1752.25
0.00159 1e-05 0 0 0 0 0 0 3628 132.463 3514.43 8 5108.67
0.00161 1e-05 0 0 0 0 0 0 3640 134.387 3518.31 8 2739.28
0.00163 1e-05 0 0 0 0 0 0 3673 135.422 3545.47 8 7002.85
0.00165333 1.33333e-05 0 0 0 0 0 0 3694 137.508 3545.35 8 2380.1
0.00167333 6.66667e-06 0 0 0 0 0 0 3694 138.86 3564.07 8 5230.44
0.00169333 1.33333e-05 0 0 0 0 0 0 3694 141.11 3559.56 8 2402.11
0.00172 1.33333e-05 0 0 0 0 0 0 3703 142.499 3576.82 8 5295.35
0.00173333 1.33333e-05 0 0 0 0 0 0 3706 144.194 3560.48 8 2186.62
0.00174667 1.33333e-05 0 0 0 0 0 0 3706 145.327 3558.23 8 3272
0.00177333 1.33333e-05 0 0 0 0 0 0 3715 147.338 3560.07 8 2544.29
0.0018 1.33333e-05 0 0 0 0 0 0 3721 149.113 3567.55 8 4445.28
0.00181333 1.33333e-05 0 0 0 0 0 0 3727 151.228 3542.3 8 1762.16
0.00184 1.33333e-05 0 0 0 0 0 0 3733 153.054 3548.8 8 3921.73
0.00185333 1.33333e-05 0 0 0 0 0 0 3733 154.588 3537.73 8 2433.78
0.00188 1.33333e-05 0 0 0 0 0 0 3736 155.797 3558.24 8 6164.37
0.00189333 1.33333e-05 0 0 0 0 0 0 3736 157.185 3550.59 8 2692.07
0.00192 1.33333e-05 0 0 0 0 0 0 3739 159.192 3552.8 8 3124.07
0.00193333 1.33333e-05 0 0 0 0 0 0 3727 160.9 3538.26 8 2182.82
0.00196 1.33333e-05 0 0 0 0 0 0 3715 162.241 3554.86 8 5155.58
0.00197333 1.33333e-05 0 0 0 0 0 0 3697 163.791 3543.79 8 2385.16
0.002 1.33333e-05 0 0 0 0 0 0 3655 164.845 3565.59 8 7944.17
0.00201333 1.33333e-05 0 0 0 0 0 0 3619 166.807 3545.35 8 1844.89
0.00204 1.33333e-05 0 0 0 0 0 0 3130 168.665 3545.72 8 2928
0.00205333 1.33333e-05 0 0 0 0 0 0 3124 170.454 3526.82 8 1745.63
0.00208 1.33333e-05 0 0 0 0 0 0 3160 172.409 3523.42 8 3072.09
0.00209333 1.33333e-05 0 0 0 0 0 0 3175 173.794 3513.6 8 2291.79
0.00212 1.33333e-05 0 0 0 0 0 0 3184 174.917 3527.43 8 6761.19
0.00213333 1.33333e-05 0 0 0 0 0 0 3199 176.29 3518.09 8 2328.66
0.00216 1.33333e-05 0 0 0 0 0 0 3214 177.313 3534.04 8 7263.44
0.00217333 1.33333e-05 0 0 0 0 0 0 3217 178.918 3520.32 8 2004.36
0.0022 1.33333e-05 0 0 0 0 0 0 3214 180.582 3523.47 8 3672.79
0.00221333 1.33333e-05 0 0 0 0 0 0 3220 182.45 3505.04 8 1723.42
0.00224 1.33333e-05 0 0 0 0 0 0 3223 184.348 3503.95 8 3377.67
0.00225333 1.33333e-05 0 0 0 0 0 0 3226 186.4 3482.68 8 1572.35
0.00228 1.33333e-05 0 0 0 0 0 0 3208 187.693 3492.97 8 4916.93
0.00229333 1.33333e-05 0 0 0 0 0 0 2998 189.085 3483.13 8 2154.92
0.00230667 1.33333e-05 0 0 0 0 0 0 2665 190.468 3471.82 8 1926.62
0.00233333 1.33333e-05 0 0 0 0 0 0 2677 192.849 3456.69 8 1490.63
0.00236 1.33333e-05 0 0 0 0 0 0 2698 194.438 3456.1 8 3034.01
0.00237333 1.33333e-05 0 0 0 0 0 0 2701 195.783 3446.16 8 2008.56
0.0024 1.33333e-05 0 0 0 0 0 0 2710 197.005 3452.3 8 4702.53
0.00241333 1.33333e-05 0 0 0 0 0 0 2713 198.381 3442.02 8 1971.14
0.00245333 1.33333e-05 0 0 0 0 0 0 2770 200.99 3438.28 8 1698.95
0.00246667 1.33333e-05 0 0 0 0 0 0 2905 202.171 3432.57 8 2459.65
0.00249333 1.33333e-05 0 0 0 0 0 0 2920 204.43 3423.15 8 1900.64
0.00252 1.33333e-05 0 0 0 0 0 0 2917 205.579 3432.39 8 4628.05
0.00253333 1.33333e-05 0 0 0 0 0 0 2929 206.952 3423.76 8 2132.5
0.00256 1.33333e-05 0 0 0 0 0 0 2929 207.982 3434.97 8 6432.5
0.00257333 1.33333e-05 0 0 0 0 0 0 2938 209.894 3417.68 8 1536.48
0.0026 1.33333e-05 0 0 0 0 0 0 2956 211.78 3415.09 8 2787.62
0.00261333 1.33333e-05 0 0 0 0 0 0 2968 213.622 3399.53 8 1611.11
0.00264 1.33333e-05 0 0 0 0 0 0 2989 215.611 3395.82 8 2547.52
0.00265333 1.33333e-05 0 0 0 0 0 0 3004 217.078 3386.72 8 2048.91
0.00268 1.33333e-05 0 0 0 0 0 0 3007 218.13 3397.97 8 5604.34
0.00269333 1.33333e-05 0 0 0 0 0 0 3007 219.488 3390.65 8 2214.19
0.00272 1.33333e-05 0 0 0 0 0 0 3028 220.886 3396.56 8 4316.95
0.00273333 1.33333e-05 0 0 0 0 0 0 3037 222.546 3384.86 8 1828.76
0.00276 1.33333e-05 0 0 0 0 0 0 3049 223.813 3392.95 8 4413.91
0.00277333 1.33333e-05 0 0 0 0 0 0 3049 225.485 3381.3 8 1822.71
0.00278667 1.33333e-05 0 0 0 0 0 0 3064 226.488 3379.85 8 3054.97
0.00281333 1.33333e-05 0 0 0 0 0 0 3058 228.439 3377.76 8 2502.97
0.00284 1.33333e-05 0 0 0 0 0 0 3070 229.884 3383.21 8 3574.45
0.00285333 1.33333e-05 0 0 0 0 0 0 3070 231.858 3367.64 8 1555.25
0.00288 1.33333e-05 0 0 0 0 0 0 3085 233.801 3366 8 3242.25
0.00289333 1.33333e-05 0 0 0 0 0 0 3082 235.111 3360.36 8 2353.44
0.00292 1.33333e-05 0 0 0 0 0 0 3091 236.373 3368.6 8 4404.56
0.00293333 1.33333e-05 0 0 0 0 0 0 3100 237.664 3363.34 8 2400.04
0.00296 1.33333e-05 0 0 0 0 0 0 3109 238.734 3374.32 8 6205.81
0.00297333 1.33333e-05 0 0 0 0 0 0 3106 240.532 3362 8 1727.06
0.003 1.33333e-05 0 0 0 0 0 0 3136 242.735 3357.29 8 2517.88
0.00301333 1.33333e-05 0 0 0 0 0 0 3157 244.734 3342.76 8 1578.82
0.00304 1.33333e-05 0 0 0 0 0 0 3157 246.295 3347.22 8 4137.41
0.00305333 1.33333e-05 0 0 0 0 0 0 3163 247.73 3340.6 8 2204.71
0.00308 1.33333e-05 0 0 0 0 0 0 3163 248.931 3349.9 8 5364.3
0.00309333 1.33333e-05 0 0 0 0 0 0 3169 250.279 3344.51 8 2350.72
0.00312 1.33333e-05 0 0 0 0 0 0 3190 252.065 3346.06 8 3593.16
0.00313333 1.33333e-05 0 0 0 0 0 0 3193 253.858 3335.01 8 1781.06
0.00314667 1.33333e-05 0 0 0 0 0 0 3196 254.923 3333.61 8 3000.69
0.00317333 1.33333e-05 0 0 0 0 0 0 3223 257.227 3328.72 8 2230.28
0.0032 1.33333e-05 0 0 0 0 0 0 3256 258.276 3340.39 8 5956.1
0.00321333 1.33333e-05 0 0 0 0 0 0 3262 259.576 3336.22 8 2508.8
0.00324 1.33333e-05 0 0 0 0 0 0 3295 261.185 3340.83 8 3008.26
0.00325333 1.33333e-05 0 0 0 0 0 0 3304 263.2 3327.81 8 1639.71
0.00328 1.33333e-05 0 0 0 0 0 0 3286 264.938 3330.82 8 3508.61
0.00329333 1.33333e-05 0 0 0 0 0 0 3277 266.53 3323.21 8 2058.08
0.00332 1.33333e-05 0 0 0 0 0 0 3292 267.783 3332.18 8 5433.15
0.00333333 1.33333e-05 0 0 0 0 0 0 3301 269.168 3327.3 8 2382.54
0.00336 1.33333e-05 0 0 0 0 0 0 3328 270.198 3339.17 8 6735.02
0.00337333 1.33333e-05 0 0 0 0 0 0 3349 272.575 3322.34 8 1409.08
0.0034 1.33333e-05 0 0 0 0 0 0 3367 274.454 3324.09 8 3545.81
0.00341333 1.33333e-05 0 0 0 0 0 0 3376 276.286 3314.26 8 1842.81
0.00344 1.33333e-05 0 0 0 0 0 0 3412 277.79 3320.83 8 3980.87
0.00345333 1.33333e-05 0 0 0 0 0 0 3409 279.339 3314.63 8 2201.8
0.00348 1.33333e-05 0 0 0 0 0 0 3424 280.968 3319.75 8 4235.84
0.00349333 1.33333e-05 0 0 0 0 0 0 3427 282.431 3314.68 8 2341.87
0.00350667 1.33333e-05 0 0 0 0 0 0 3448 283.539 3313.89 8 3110.75
0.00353333 1.33333e-05 0 0 0 0 0 0 3460 286.218 3307.01 8 1652.44
0.00356 1.33333e-05 0 0 0 0 0 0 3472 288.332 3306.84 8 2538.24
0.00357333 1.33333e-05 0 0 0 0 0 0 3487 290.087 3298.86 8 1987.05
0.0036 1.33333e-05 0 0 0 0 0 0 3505 291.445 3307.5 8 5401.15
0.00361333 1.33333e-05 0 0 0 0 0 0 3502 293.613 3295 8 1615.22
0.00362667 1.33333e-05 0 0 0 0 0 0 3511 294.65 3295.33 8 3388.31
0.00364 1.33333e-05 0 0 0 0 0 0 3514 295.836 3293.99 8 2961.75
0.00365333 1.33333e-05 0 0 0 0 0 0 3517 297.676 3285.44 8 1911.32
0.00366667 1.33333e-05 0 0 0 0 0 0 3529 298.702 3285.98 8 3440.47
0.00368 1.33333e-05 0 0 0 0 0 0 3523 299.925 3284.33 8 2881.12
0.00369333 1.33333e-05 0 0 0 0 0 0 3532 301.423 3279.71 8 2356.46
0.00372 1.33333e-05 0 0 0 0 0 0 3574 303.169 3284.33 8 4196.05
0.00373333 1.33333e-05 0 0 0 0 0 0 3586 304.489 3281.87 8 2717.51
0.00376 1.33333e-05 0 0 0 0 0 0 3592 305.873 3290.5 8 5896.3
0.00377333 1.33333e-05 0 0 0 0 0 0 3586 307.974 3279.7 8 1706.8
0.0038 1.33333e-05 0 0 0 0 0 0 3577 309.984 3281.52 8 3482.4
0.00381333 1.33333e-05 0 0 0 0 0 0 3583 312.005 3271.75 8 1772.53
0.00382667 1.33333e-05 0 0 0 0 0 0 3574 313.15 3271.2 8 3122.04
0.00384 1.33333e-05 0 0 0 0 0 0 3580 314.249 3271.15 8 3258.28
0.00385333 1.33333e-05 0 0 0 0 0 0 3604 315.799 3266.51 8 2325.66
0.00388 1.33333e-05 0 0 0 0 0 0 3634 317.195 3274.98 8 5614.75
0.00389333 1.33333e-05 0 0 0 0 0 0 3643 318.581 3272.16 8 2626.98
0.00392 1.33333e-05 0 0 0 0 0 0 3670 320.335 3277.15 8 4825.38
0.00393333 1.33333e-05 0 0 0 0 0 0 3673 322.28 3268.77 8 1888.61
0.00396 1.33333e-05 0 0 0 0 0 0 3658 324.024 3273.77 8 4548.22
0.00397333 1.33333e-05 0 0 0 0 0 0 3673 325.524 3269.97 8 2449.17
0.00399333 6.66667e-06 0 0 0 0 0 0 3811 326.967 3278.46 8 5853.47
0.00401 1e-05 0 0 0 0 0 0 3808 329.091 3280.62 8 2364.05
0.00402 1e-05 0 0 0 0 0 0 3805 330.179 3281.32 8 3495.55
0.00403 1e-05 0 0 0 0 0 0 3802 331.2 3282.69 8 3725.61
0.00404 1e-05 0 0 0 0 0 0 3814 332.251 3283.78 8 3627.45
0.00405333 1.33333e-05 0 0 0 0 0 0 3838 333.785 3280.2 8 2502.58
0.00408 1.33333e-05 0 0 0 0 0 0 3853 335.582 3285.54 8 4120.56
0.00409333 1.33333e-05 0 0 0 0 0 0 3850 337.054 3282.62 8 2616.06
0.00412 1.33333e-05 0 0 0 0 0 0 3859 338.338 3292.95 8 6592.85
0.00413333 1.33333e-05 0 0 0 0 0 0 3856 339.875 3289.41 8 2508.83
0.00414667 1.33333e-05 0 0 0 0 0 0 3871 340.97 3290.19 8 3534.13
0.00416 1.33333e-05 0 0 0 0 0 0 3874 342.075 3290.89 8 3506.92
0.00417333 1.33333e-05 0 0 0 0 0 0 3889 343.987 3283.9 8 2033.01
0.00418667 1.33333e-05 0 0 0 0 0 0 3889 345.225 3283.4 8 3143.5
0.00421333 1.33333e-05 0 0 0 0 0 0 3892 347.825 3281.22 8 2399.55
0.00423333 6.66667e-06 0 0 0 0 0 0 3976 349.093 3291.8 8 6709.86
0.00425 1e-05 0 0 0 0 0 0 3955 351.038 3296.19 8 2851.19
0.00426 1e-05 0 0 0 0 0 0 3985 352.276 3295.93 8 3220.43
0.00428 1e-05 0 0 0 0 0 0 4018 354.087 3301.7 8 3986.25
0.00429333 1.33333e-05 0 0 0 0 0 0 4030 356 3295.28 8 2106.44
0.00432 1.33333e-05 0 0 0 0 0 0 4033 357.795 3301.28 8 5021.23
0.00433333 1.33333e-05 0 0 0 0 0 0 4030 359.282 3298.83 8 2709.45
0.00436 1.33333e-05 0 0 0 0 0 0 4057 360.647 3308.82 8 6227.48
0.00437333 1.33333e-05 0 0 0 0 0 0 4060 362.083 3306.91 8 2827.33
0.0044 1.33333e-05 0 0 0 0 0 0 4078 364.438 3307.91 8 2900.1
0.00441333 1.33333e-05 0 0 0 0 0 0 4081 366.568 3299.83 8 1916.25
0.00442667 1.33333e-05 0 0 0 0 0 0 4087 367.642 3301.31 8 3806.35
0.00445333 1.33333e-05 0 0 0 0 0 0 4099 370.195 3300.67 8 2457.11
0.00448 1.33333e-05 0 0 0 0 0 0 4075 371.331 3312.53 8 7028.23
0.00449333 1.33333e-05 0 0 0 0 0 0 4081 372.776 3310.63 8 2824.23
0.00452 1.33333e-05 0 0 0 0 0 0 4114 374.545 3316.91 8 3575.9
0.00453333 1.33333e-05 0 0 0 0 0 0 4123 376.593 3309.82 8 2013.05
0.00454667 1.33333e-05 0 0 0 0 0 0 4138 377.699 3311.08 8 3742.37
0.00456 6.66667e-06 0 0 0 0 0 0 4330 379.313 3319.72 8 5787.76
0.00457 1e-05 0 0 0 0 0 0 4276 380.771 3318.24 8 2932.91
0.00459 1e-05 0 0 0 0 0 0 4276 382.051 3329.52 8 6470.59
0.00461 1e-05 0 0 0 0 0 0 4228 384.128 3333.64 8 2893.21
0.00462 1e-05 0 0 0 0 0 0 4228 385.429 3333.36 8 3250.39
0.00463 1e-05 0 0 0 0 0 0 4252 386.744 3333.02 8 3233.84
0.00464 1e-05 0 0 0 0 0 0 4276 388.024 3333.04 8 3339.31
0.00465 1e-05 0 0 0 0 0 0 4288 389.745 3329.33 8 2491.21
0.00467 1e-05 0 0 0 0 0 0 4294 391.143 3339.39 8 6200.76
0.00469 1e-05 0 0 0 0 0 0 4303 393.203 3343.8 8 3123.41
0.00471 1e-05 0 0 0 0 0 0 4324 394.38 3355.71 8 8145.29
0.00472 1e-05 0 0 0 0 0 0 4336 395.476 3357.37 8 3954.57
0.00473333 1.33333e-05 0 0 0 0 0 0 4342 397.61 3350.27 8 2034.81
0.00475333 6.66667e-06 0 0 0 0 0 0 4408 399.773 3354.04 8 3255.68
0.00477 1e-05 0 0 0 0 0 0 4459 402.082 3356.96 8 2770.94
0.00479 1e-05 0 0 0 0 0 0 4483 403.301 3368.99 8 8634.92
0.00481 1e-05 0 0 0 0 0 0 4456 406.17 3367.19 8 1978.92
0.00482 1e-05 0 0 0 0 0 0 4459 407.431 3367.7 8 3534.03
0.00483 1e-05 0 0 0 0 0 0 4450 408.543 3369.43 8 4003.23
0.00484 1e-05 0 0 0 0 0 0 4474 409.768 3370.28 8 3652.05
0.00485 1e-05 0 0 0 0 0 0 4480 411.763 3364.83 8 2245.75
0.00487 1e-05 0 0 0 0 0 0 4528 413.175 3375.16 8 7027.86
0.00489333 1.33333e-05 0 0 0 0 0 0 4615 415.406 3379.07 8 2873.29
0.00492 1.33333e-05 0 0 0 0 0 0 4591 416.806 3389.72 8 7102.86
0.00493333 1.33333e-05 0 0 0 0 0 0 4570 418.419 3387.58 8 2834.6
0.00494667 1.33333e-05 0 0 0 0 0 0 4567 419.702 3388.11 8 3559.71
0.00496 1.33333e-05 0 0 0 0 0 0 4564 421.154 3387.26 8 3141.93
0.00497333 1.33333e-05 0 0 0 0 0 0 4591 423.026 3383.12 8 2452.52
0.00498667 1.33333e-05 0 0 0 0 0 0 4588 424.521 3382.02 8 3069.71
0.005 6.66667e-06 0 0 0 0 0 0 4729 426.36 3389.55 8 4436.53
0.00501 1e-05 0 0 0 0 0 0 4735 428.145 3386.48 8 2653.73
0.00503 1e-05 0 0 0 0 0 0 4774 429.686 3396.5 8 6788.56
0.00505 1e-05 0 0 0 0 0 0 4780 432.587 3395.8 8 2485.39
0.00506 1e-05 0 0 0 0 0 0 4756 433.823 3397.08 8 3846.06
0.00507 1e-05 0 0 0 0 0 0 4753 434.904 3399.57 8 4399.25
0.00509 1e-05 0 0 0 0 0 0 4765 437.248 3403.12 8 3013.05
0.00511 1e-05 0 0 0 0 0 0 4801 438.625 3414.29 8 7912.25
0.00513333 1.33333e-05 0 0 0 0 0 0 4894 440.856 3419.01 8 3183.97
0.00514667 1.33333e-05 0 0 0 0 0 0 4903 442.219 3419.57 8 3598.91
0.00516 1.33333e-05 0 0 0 0 0 0 4870 443.491 3420.74 8 3828.11
0.00517 1e-05 0 0 0 0 0 0 4852 445.341 3417.42 8 2622.64
0.00518 1e-05 0 0 0 0 0 0 4840 446.357 3420.48 8 4762.34
0.0052 1e-05 0 0 0 0 0 0 4843 447.871 3430.56 8 6303.22
0.00521 1e-05 0 0 0 0 0 0 4831 449.799 3426.59 8 2505.68
0.00522 1e-05 0 0 0 0 0 0 4825 451.102 3427.39 8 3703.47
0.00523 1e-05 0 0 0 0 0 0 4840 452.275 3429.21 8 4125.9
0.00525 1e-05 0 0 0 0 0 0 4867 455.07 3429.5 8 2441.21
0.00526 1e-05 0 0 0 0 0 0 4888 456.318 3430.83 8 3916.78
0.00527 1e-05 0 0 0 0 0 0 4888 457.419 3433.26 8 4439.23
0.00529333 1.33333e-05 0 0 0 0 0 0 4915 460.94 3428.32 8 1886.98
0.00530222 8.88889e-06 0 0 0 0 0 0 4975 461.976 3431.41 8 4802.88
0.00532 8.88889e-06 0 0 0 0 0 0 5029 463.55 3441.43 8 7210.13
0.00533 1e-05 0 0 0 0 0 0 4990 465.109 3440.62 8 3199.42
0.00535 1e-05 0 0 0 0 0 0 5005 467.532 3444.16 8 3080.58
0.00537 1e-05 0 0 0 0 0 0 5047 470.41 3444.53 8 2451.39
0.00538 1e-05 0 0 0 0 0 0 5071 471.526 3447.13 8 4541.54
0.00539 1e-05 0 0 0 0 0 0 5068 472.878 3447.99 8 3749.02
0.00541 1e-05 0 0 0 0 0 0 5080 475.14 3452.95 8 3522.98
0.00543 1e-05 0 0 0 0 0 0 5119 476.579 3463.97 8 6562.21
0.00545 1e-05 0 0 0 0 0 0 5128 479.138 3466.83 8 2661
0.00547 1e-05 0 0 0 0 0 0 5152 481.257 3472.94 8 4318.43
0.00548 1e-05 0 0 0 0 0 0 5164 482.486 3474.79 8 4201.74
0.00549333 1.33333e-05 0 0 0 0 0 0 5209 484.646 3470.05 8 2411.46
0.00551111 8.88889e-06 0 0 0 0 0 0 5260 486.43 3478.88 8 5608.53
0.00553 1e-05 0 0 0 0 0 0 5260 488.9 3482.85 8 3369.03
0.00555 1e-05 0 0 0 0 0 0 5257 490.263 3494.6 8 7172.17
0.00557 1e-05 0 0 0 0 0 0 5284 493.124 3495.73 8 2748.36
0.00558 1e-05 0 0 0 0 0 0 5287 494.268 3498.33 8 4620.99
0.0056 1e-05 0 0 0 0 0 0 5302 496.333 3505.1 8 4875.23
0.00561333 1.33333e-05 0 0 0 0 0 0 5314 497.883 3504.87 8 3429.36
0.00563111 8.88889e-06 0 0 0 0 0 0 5323 499.289 3516.31 8 6850.89
0.00565 1e-05 0 0 0 0 0 0 5344 501.998 3518.64 8 2639.17
0.00566 1e-05 0 0 0 0 0 0 5338 503.363 3519.7 8 3912.02
0.00567 1e-05 0 0 0 0 0 0 5338 504.473 3522.54 8 4809.86
0.00568 1e-05 0 0 0 0 0 0 5359 505.628 3525.09 8 4639.53
0.00569 1e-05 0 0 0 0 0 0 5341 507.252 3524.34 8 3288.94
0.00571 1e-05 0 0 0 0 0 0 5380 509.001 3533.34 8 5730.71
0.00573 1e-05 0 0 0 0 0 0 5419 512.04 3533.46 8 2479.66
0.00574 1e-05 0 0 0 0 0 0 5443 513.489 3534.09 8 3756.09
0.00575 1e-05 0 0 0 0 0 0 5449 514.735 3536.12 8 4373.7
0.00576 1e-05 0 0 0 0 0 0 5461 515.774 3539.59 8 5258.66
0.00577333 1.33333e-05 0 0 0 0 0 0 5461 517.819 3536.16 8 2670.44
0.00578222 8.88889e-06 0 0 0 0 0 0 5467 519.357 3536.21 8 3554.21
0.0058 8.88889e-06 0 0 0 0 0 0 5476 520.914 3546.66 8 6821.81
0.00581 1e-05 0 0 0 0 0 0 5461 522.497 3546.36 8 3449.16
0.00583 1e-05 0 0 0 0 0 0 5470 523.906 3557.69 8 8334.1
0.00585 1e-05 0 0 0 0 0 0 5503 527.292 3555.72 8 1963.88
0.00586 1e-05 0 0 0 0 0 0 5527 528.346 3559.09 8 5244.7
0.00587 1e-05 0 0 0 0 0 0 5527 529.557 3561.38 8 4561.56
0.00588 1e-05 0 0 0 0 0 0 5509 530.727 3563.91 8 4709.57
0.00589 1e-05 0 0 0 0 0 0 5506 532.759 3560.65 8 2708.99
0.00591 1e-05 0 0 0 0 0 0 5515 534.582 3569.11 8 6245.39
0.00593 1e-05 0 0 0 0 0 0 5506 536.896 3574.23 8 3493.19
0.00595 1e-05 0 0 0 0 0 0 5521 538.509 3584.03 8 5948.37
0.00597333 1.33333e-05 0 0 0 0 0 0 5599 541.461 3585.08 8 2796.13
0.00598222 8.88889e-06 0 0 0 0 0 0 5608 542.85 3586.24 8 4037.65
0.00599111 8.88889e-06 0 0 0 0 0 0 5605 543.895 3589.66 8 5364.61
0.00601 1e-05 0 0 0 0 0 0 5584 546.497 3593.03 8 3091.69
0.00603 1e-05 0 0 0 0 0 0 5596 547.986 3603.68 8 8131.24
0.00605 1e-05 0 0 0 0 0 0 5620 550.933 3604.79 8 2402.92
0.00606 1e-05 0 0 0 0 0 0 5671 552.114 3607.35 8 4803.55
0.00607 1e-05 0 0 0 0 0 0 5698 553.497 3608.63 8 4119.64
0.00609 1e-05 0 0 0 0 0 0 5701 556.495 3609.66 8 2808.82
0.0061 1e-05 0 0 0 0 0 0 5722 557.735 3611.89 8 4617.53
0.00612 1e-05 0 0 0 0 0 0 5746 559.195 3623.01 8 8330.8
0.00613 1e-05 0 0 0 0 0 0 5764 560.909 3622.22 8 3362.71
0.00615 1e-05 0 0 0 0 0 0 5779 562.891 3629.97 8 4612.8
0.00617 1e-05 0 0 0 0 0 0 5803 565.44 3634.11 8 3575.18
0.00619 1e-05 0 0 0 0 0 0 5812 567.511 3641.34 8 4667.94
0.00621 1e-05 0 0 0 0 0 0 5806 570.083 3645.3 8 3462.4
0.00623 1e-05 0 0 0 0 0 0 5827 571.555 3656.27 8 7828.79
0.00625 1e-05 0 0 0 0 0 0 5812 574.516 3657.67 8 2569.12
0.00626 1e-05 0 0 0 0 0 0 5803 576.109 3657.64 8 3644.44
0.00627 1e-05 0 0 0 0 0 0 5797 577.458 3659.13 8 4295.22
0.00628 1e-05 0 0 0 0 0 0 5836 578.474 3662.79 8 5742.68
0.00629 1e-05 0 0 0 0 0 0 5836 580.302 3661.31 8 3194.09
0.0063 1e-05 0 0 0 0 0 0 5836 581.657 3662.81 8 4304.22
0.00632 1e-05 0 0 0 0 0 0 5842 583.482 3671.38 8 5809.32
0.00633 1e-05 0 0 0 0 0 0 5836 585.209 3670.51 8 3378.9
0.00634 1e-05 0 0 0 0 0 0 5827 586.264 3673.85 8 5522.47
0.00635 1e-05 0 0 0 0 0 0 5845 587.528 3675.89 8 4624.7
0.00637 1e-05 0 0 0 0 0 0 5866 590.207 3679.07 8 3104.82
0.00639 1e-05 0 0 0 0 0 0 5872 592.031 3687.55 8 6731.99
0.0064 1e-05 0 0 0 0 0 0 5878 593.088 3690.89 8 5563.45
0.00641 1e-05 0 0 0 0 0 0 5902 594.7 3690.81 8 3662.12
0.00643 1e-05 0 0 0 0 0 0 5944 596.168 3701.64 8 8217.61
0.00645 1e-05 0 0 0 0 0 0 5968 599.116 3703.29 8 2731.18
0.00646 1e-05 0 0 0 0 0 0 5968 600.199 3706.56 8 5512.65
0.00648 1e-05 0 0 0 0 0 0 5980 602.02 3715.17 8 6927.58
0.00649 1e-05 0 0 0 0 0 0 5998 603.945 3713.27 8 3116.83
0.0065 1e-05 0 0 0 0 0 0 6022 605.042 3716.49 8 5488.27
0.00651 1e-05 0 0 0 0 0 0 6055 606.196 3719.4 8 5245.3
0.00653 1e-05 0 0 0 0 0 0 6073 608.73 3723.86 8 3742.66
0.00655 1e-05 0 0 0 0 0 0 6109 610.777 3731.36 8 4389.27
0.00656 1e-05 0 0 0 0 0 0 6100 612.07 3733.44 8 4718.96
0.00657 1e-05 0 0 0 0 0 0 6106 614.245 3730.16 8 2807.77
0.00658 1e-05 0 0 0 0 0 0 6136 615.309 3733.69 8 5767.23
0.0066 1e-05 0 0 0 0 0 0 6151 616.904 3743.95 8 8065.38
0.00661 1e-05 0 0 0 0 0 0 6184 618.57 3743.86 8 3711.78
0.00663 1e-05 0 0 0 0 0 0 6205 619.978 3755.36 8 9494.5
0.00665 1e-05 0 0 0 0 0 0 6175 622.39 3760.7 8 3530.52
0.00666 1e-05 0 0 0 0 0 0 6220 623.424 3764.44 8 6015.83
0.00667 1e-05 0 0 0 0 0 0 6247 624.859 3765.8 8 4354.81
0.00668 1e-05 0 0 0 0 0 0 6244 626.198 3767.71 8 4661.02
0.00669 1e-05 0 0 0 0 0 0 6250 628.203 3765.64 8 3118.34
0.0067 1e-05 0 0 0 0 0 0 6250 629.565 3767.42 8 4588.66
0.00671 1e-05 0 0 0 0 0 0 6247 630.897 3769.37 8 4687.48
0.00672 1e-05 0 0 0 0 0 0 6256 631.962 3772.91 8 5874.56
0.00673 1e-05 0 0 0 0 0 0 6289 633.678 3772.62 8 3666.28
0.00674 1e-05 0 0 0 0 0 0 6319 634.995 3774.75 8 4797.27
0.00676 1e-05 0 0 0 0 0 0 6301 637.106 3782.03 8 5270.91
0.00677 1e-05 0 0 0 0 0 0 6319 639.03 3780.53 8 3283.93
0.00678 1e-05 0 0 0 0 0 0 6358 640.367 3782.56 8 4754.78
0.0068 1e-05 0 0 0 0 0 0 6394 642.167 3791.87 8 7309.18
0.00681 1e-05 0 0 0 0 0 0 6403 643.837 3791.98 8 3834.21
0.00683 1e-05 0 0 0 0 0 0 6415 645.256 3803.52 8 9396.62
0.00685 1e-05 0 0 0 0 0 0 6415 648.123 3806.5 8 2967.99
0.00686 1e-05 0 0 0 0 0 0 6433 649.145 3810.42 8 6295.04
0.00687 1e-05 0 0 0 0 0 0 6445 650.651 3811.51 8 4279.93
0.00688 1e-05 0 0 0 0 0 0 6457 652.22 3812.23 8 4113.65
0.00689 1e-05 0 0 0 0 0 0 6460 653.995 3811.76 8 3639.79
0.00691 1e-05 0 0 0 0 0 0 6460 655.644 3821.89 8 7979.23
0.00693 1e-05 0 0 0 0 0 0 6481 657.888 3828.54 8 4199.69
0.00695 1e-05 0 0 0 0 0 0 6475 659.997 3835.93 8 4532.57
0.00696 1e-05 0 0 0 0 0 0 6493 661.089 3839.42 8 5945.36
0.00697 1e-05 0 0 0 0 0 0 6499 662.963 3838.37 8 3468.11
0.00698 1e-05 0 0 0 0 0 0 6493 664.294 3840.45 8 4879.31
0.00699 1e-05 0 0 0 0 0 0 6502 665.301 3844.41 8 6456.6
0.00701 1e-05 0 0 0 0 0 0 6529 667.934 3848.8 8 3658.5
0.00703 1e-05 0 0 0 0 0 0 6523 669.423 3859.73 8 8755.7
0.00705 1e-05 0 0 0 0 0 0 6571 672.124 3863.76 8 3181.54
0.00707 1e-05 0 0 0 0 0 0 6625 674.198 3871.48 8 6049.08
0.00708 1e-05 0 0 0 0 0 0 6616 675.421 3874.27 8 5407.78
0.00709 1e-05 0 0 0 0 0 0 6619 677.677 3871.14 8 2934.13
0.0071 1e-05 0 0 0 0 0 0 6637 679.027 3873.22 8 4918.03
0.00711 1e-05 0 0 0 0 0 0 6676 680.035 3877.29 8 6617.72
0.00712 1e-05 0 0 0 0 0 0 6685 681.342 3879.67 8 5117.81
0.00713 1e-05 0 0 0 0 0 0 6679 683.392 3877.8 8 3258.11
0.00715 1e-05 0 0 0 0 0 0 6700 685.452 3885.67 8 5896.96
0.00716 1e-05 0 0 0 0 0 0 6712 686.718 3888.28 8 5302.33
0.00717 1e-05 0 0 0 0 0 0 6715 688.745 3886.59 8 3313.32
0.00718 1e-05 0 0 0 0 0 0 6748 689.774 3890.58 8 6556.47
0.0072 1e-05 0 0 0 0 0 0 6769 691.565 3900.07 8 7051.72
0.00721 1e-05 0 0 0 0 0 0 6769 693.73 3897.66 8 3126.95
0.00722 1e-05 0 0 0 0 0 0 6781 694.903 3900.84 8 5780.2
0.00723 1e-05 0 0 0 0 0 0 6790 696.328 3902.6 8 4765.18
0.00725 1e-05 0 0 0 0 0 0 6859 699.411 3904.97 8 2989.61
0.00726 1e-05 0 0 0 0 0 0 6880 700.793 3907.08 8 4977.95
0.00727 1e-05 0 0 0 0 0 0 6907 702.024 3910.07 8 5612.17
0.00728 1e-05 0 0 0 0 0 0 6937 703.412 3912.22 8 4995.81
0.00729 1e-05 0 0 0 0 0 0 6961 705.537 3910.3 8 3276.38
0.0073 1e-05 0 0 0 0 0 0 6961 706.999 3912.06 8 4761.01
0.00731 1e-05 0 0 0 0 0 0 6946 708.409 3914.08 8 4926.51
0.00732 1e-05 0 0 0 0 0 0 6937 709.683 3916.83 8 5444.32
0.00733 1e-05 0 0 0 0 0 0 6955 712.034 3913.66 8 2957.76
0.00734 1e-05 0 0 0 0 0 0 6964 713.1 3917.58 8 6533.28
0.00735 1e-05 0 0 0 0 0 0 6979 714.154 3921.57 8 6624.47
0.00737 1e-05 0 0 0 0 0 0 7024 717.409 3923.3 8 3021.64
0.00739 1e-05 0 0 0 0 0 0 7006 719.419 3931.83 8 6762.05
0.0074 1e-05 0 0 0 0 0 0 7021 720.495 3935.7 8 6525.19
0.00741 1e-05 0 0 0 0 0 0 7045 722.563 3934.19 8 3408
0.00742 1e-05 0 0 0 0 0 0 7036 723.746 3937.48 8 5948.26
0.00743 1e-05 0 0 0 0 0 0 7042 725.18 3939.4 8 4908.51
0.00744 1e-05 0 0 0 0 0 0 7054 726.272 3943.19 8 6458.32
0.00745 1e-05 0 0 0 0 0 0 7072 728.739 3939.55 8 2867.05
0.00746 1e-05 0 0 0 0 0 0 7060 729.774 3943.63 8 6818.54
0.00747 1e-05 0 0 0 0 0 0 7048 731.485 3944.05 8 4120.46
0.00748 1e-05 0 0 0 0 0 0 7045 732.594 3947.69 8 6349.62
0.00749 1e-05 0 0 0 0 0 0 7084 734.749 3945.76 8 3288.09
0.00751 1e-05 0 0 0 0 0 0 7105 736.398 3956.21 8 8175.56
0.00753 1e-05 0 0 0 0 0 0 7114 739.057 3961.23 8 4176.18
0.00755 1e-05 0 0 0 0 0 0 7162 741.273 3968.66 8 5216.77
0.00756 1e-05 0 0 0 0 0 0 7162 742.661 3970.89 8 5161.1
0.00757 1e-05 0 0 0 0 0 0 7177 744.873 3968.73 8 3244.01
0.00758 1e-05 0 0 0 0 0 0 7177 745.881 3972.99 8 7124.85
0.00759 1e-05 0 0 0 0 0 0 7183 746.911 3977.13 8 6973.14
0.00761 1e-05 0 0 0 0 0 0 7216 749.834 3980.83 8 3731.61
0.00763 1e-05 0 0 0 0 0 0 7249 751.761 3989.91 8 6551.31
0.00764 1e-05 0 0 0 0 0 0 7276 753.294 3991.45 8 4746.92
0.00765 1e-05 0 0 0 0 0 0 7291 755.449 3989.71 8 3384.44
0.00766 1e-05 0 0 0 0 0 0 7312 756.557 3993.53 8 6597.47
0.00767 1e-05 0 0 0 0 0 0 7321 757.988 3995.66 8 5117.19
0.00768 1e-05 0 0 0 0 0 0 7336 759.152 3999.19 8 6298.02
0.00769 1e-05 0 0 0 0 0 0 7342 761.752 3995.18 8 2824.08
0.00771 1e-05 0 0 0 0 0 0 7345 763.526 4005.14 8 7852.26
0.00773 1e-05 0 0 0 0 0 0 7360 766.214 4010.29 8 4154.54
0.00775 1e-05 0 0 0 0 0 0 7429 768.318 4018.6 8 6247.81
0.00776 1e-05 0 0 0 0 0 0 7417 769.473 4022.21 8 6418.62
0.00777 1e-05 0 0 0 0 0 0 7435 771.976 4018.8 8 2970.94
0.00778 1e-05 0 0 0 0 0 0 7447 773.333 4021.38 8 5489.19
0.00779 1e-05 0 0 0 0 0 0 7468 774.674 4024.06 8 5569.02
0.0078 1e-05 0 0 0 0 0 0 7450 775.772 4027.97 8 6784.95
0.00781 1e-05 0 0 0 0 0 0 7459 778.092 4025.54 8 3214.91
0.00782 1e-05 0 0 0 0 0 0 7456 779.57 4027.47 8 5043.15
0.00783 1e-05 0 0 0 0 0 0 7477 780.83 4030.55 8 5934.48
0.00784 1e-05 0 0 0 0 0 0 7504 782.347 4032.32 8 4945.13
0.00785 1e-05 0 0 0 0 0 0 7513 784.896 4028.8 8 2947.52
0.00786 1e-05 0 0 0 0 0 0 7531 786.51 4030.11 8 4667.44
0.00787 1e-05 0 0 0 0 0 0 7537 787.607 4034.07 8 6871.33
0.00788 1e-05 0 0 0 0 0 0 7552 788.859 4037.24 8 6030.43
0.00789 1e-05 0 0 0 0 0 0 7543 791.07 4035.49 8 3412.24
0.0079 1e-05 0 0 0 0 0 0 7543 792.094 4039.79 8 7363.72
0.00792 1e-05 0 0 0 0 0 0 7558 793.704 4050.63 8 10383.6
0.00793 1e-05 0 0 0 0 0 0 7549 795.813 4049.38 8 3579.83
0.00794 1e-05 0 0 0 0 0 0 7582 796.864 4053.55 8 7212.01
0.00795 1e-05 0 0 0 0 0 0 7576 797.934 4057.61 8 7082.45
0.00796 1e-05 0 0 0 0 0 0 7600 799.596 4058.68 8 4572.04
0.00797 1e-05 0 0 0 0 0 0 7594 802.004 4055.96 8 3153.32
0.00798 1e-05 0 0 0 0 0 0 7612 803.427 4058.26 8 5349.09
0.00799 1e-05 0 0 0 0 0 0 7618 804.516 4062.23 8 6996.22
0.008 1e-05 0 0 0 0 0 0 7618 805.547 4066.49 8 7388.19
0.00801 1e-05 0 0 0 0 0 0 7636 808.546 4060.85 8 2546.51
0.00802 1e-05 0 0 0 0 0 0 7666 809.772 4064.17 8 6253.54
0.00803 1e-05 0 0 0 0 0 0 7678 811.425 4065.35 8 4645.09
0.00804 1e-05 0 0 0 0 0 0 7675 812.602 4068.91 8 6518.81
0.00805 1e-05 0 0 0 0 0 0 7702 815.069 4066.04 8 3121.99
0.00806 1e-05 0 0 0 0 0 0 7711 816.554 4068.09 8 5193.17
0.00807 1e-05 0 0 0 0 0 0 7723 817.961 4070.54 8 5489.64
0.00808 1e-05 0 0 0 0 0 0 7744 819.363 4073.02 8 5523.8
0.00809 1e-05 0 0 0 0 0 0 7765 821.713 4070.82 8 3303.05
0.0081 1e-05 0 0 0 0 0 0 7792 822.794 4074.95 8 7212.07
0.00812 1e-05 0 0 0 0 0 0 7795 824.654 4084.67 8 9022.38
0.00813 1e-05 0 0 0 0 0 0 7774 826.38 4085.55 8 4503.45
0.00815 1e-05 0 0 0 0 0 0 7816 828.677 4093.08 8 5099.83
0.00816 1e-05 0 0 0 0 0 0 7825 830.123 4095.38 8 5412.08
0.00817 1e-05 0 0 0 0 0 0 7840 832.593 4092.65 8 3174.55
0.00819 1e-05 0 0 0 0 0 0 7837 834.497 4102.09 8 8522.36
0.0082 1e-05 0 0 0 0 0 0 7852 835.597 4106.08 8 7136.68
0.00821 1e-05 0 0 0 0 0 0 7894 837.818 4104.62 8 3554.55
0.00822 1e-05 0 0 0 0 0 0 7906 839.081 4107.86 8 6256.01
0.00823 1e-05 0 0 0 0 0 0 7894 840.573 4109.96 8 5290.69
0.00824 1e-05 0 0 0 0 0 0 7897 841.693 4113.88 8 7053.3
0.00825 1e-05 0 0 0 0 0 0 7918 843.969 4112.17 8 3479.53
0.00826 1e-05 0 0 0 0 0 0 7909 845.398 4114.57 8 5532.61
0.00827 1e-05 0 0 0 0 0 0 7933 846.768 4117.28 8 5788.96
0.00828 1e-05 0 0 0 0 0 0 7957 848.139 4120.01 8 5806.3
0.00829 1e-05 0 0 0 0 0 0 7990 850.926 4115.9 8 2866.45
0.0083 1e-05 0 0 0 0 0 0 8005 851.972 4120.25 8 7655.67
0.00832 1e-05 0 0 0 0 0 0 8026 853.667 4130.85 8 10600.5
0.00833 1e-05 0 0 0 0 0 0 8029 855.941 4129.25 8 3531.36
0.00834 1e-05 0 0 0 0 0 0 8014 857.705 4130.1 8 4542.13
0.00835 1e-05 0 0 0 0 0 0 7999 858.828 4134.02 8 7128.26
0.00836 1e-05 0 0 0 0 0 0 8020 859.995 4137.73 8 6868.23
0.00837 1e-05 0 0 0 0 0 0 7993 861.869 4138.01 8 4265.1
0.00838 1e-05 0 0 0 0 0 0 8005 862.996 4141.88 8 7103
0.00839 1e-05 0 0 0 0 0 0 8020 864.008 4146.31 8 7925.27
0.00841 1e-05 0 0 0 0 0 0 8080 866.553 4152.76 8 5001
0.00843 1e-05 0 0 0 0 0 0 8116 868.027 4164.41 8 11062.6
0.00845 1e-05 0 0 0 0 0 0 8131 871.152 4168.14 8 3505.64
0.00846 1e-05 0 0 0 0 0 0 8116 872.509 4170.96 8 5978.44
0.00847 1e-05 0 0 0 0 0 0 8119 873.719 4174.47 8 6708.66
0.00848 1e-05 0 0 0 0 0 0 8116 874.739 4178.89 8 7960.69
0.00849 1e-05 0 0 0 0 0 0 8119 877.069 4177.04 8 3484.93
0.0085 1e-05 0 0 0 0 0 0 8128 878.374 4180.09 8 6225.3
0.00852 1e-05 0 0 0 0 0 0 8152 880.219 4189.82 8 9151.68
0.00853 1e-05 0 0 0 0 0 0 8173 881.851 4191.34 8 5010.12
0.00855 1e-05 0 0 0 0 0 0 8224 883.989 4199.77 8 6168.71
0.00856 1e-05 0 0 0 0 0 0 8227 885.467 4202.05 8 5563.88
0.00857 1e-05 0 0 0 0 0 0 8230 887.548 4201.47 8 3956.63
0.00858 1e-05 0 0 0 0 0 0 8251 888.886 4204.43 8 6165.23
0.00859 1e-05 0 0 0 0 0 0 8257 890.336 4206.86 8 5694.37
0.0086 1e-05 0 0 0 0 0 0 8248 891.654 4209.89 8 6256.3
0.00861 1e-05 0 0 0 0 0 0 8254 893.463 4210.6 8 4562.15
0.00862 1e-05 0 0 0 0 0 0 8227 894.711 4213.92 8 6594.11
0.00863 1e-05 0 0 0 0 0 0 8218 896.204 4216.07 8 5503.26
0.00864 1e-05 0 0 0 0 0 0 8254 897.689 4218.29 8 5559.26
0.00865 1e-05 0 0 0 0 0 0 8269 899.614 4218.46 8 4295.24
0.00866 1e-05 0 0 0 0 0 0 8269 900.851 4221.85 8 6685.49
0.00867 1e-05 0 0 0 0 0 0 8293 901.879 4226.23 8 8068.56
0.00868 1e-05 0 0 0 0 0 0 8314 903.122 4229.62 8 6689.36
0.00869 1e-05 0 0 0 0 0 0 8326 905.517 4227.63 8 3476.13
0.0087 1e-05 0 0 0 0 0 0 8353 906.845 4230.64 8 6288.33
0.00871 1e-05 0 0 0 0 0 0 8377 907.886 4235.02 8 8052.62
0.00873 1e-05 0 0 0 0 0 0 8392 910.528 4241.17 8 5022.3
0.00875 1e-05 0 0 0 0 0 0 8413 912.608 4249.91 8 6924.51
0.00876 1e-05 0 0 0 0 0 0 8410 914.141 4251.98 8 5483.77
0.00877 1e-05 0 0 0 0 0 0 8416 916.636 4249.59 8 3373.09
0.00878 1e-05 0 0 0 0 0 0 8476 917.683 4253.98 8 8100.09
0.00879 1e-05 0 0 0 0 0 0 8485 918.686 4258.57 8 8457.88
0.00881 1e-05 0 0 0 0 0 0 8503 922.594 4258.94 8 2868.7
0.00882 1e-05 0 0 0 0 0 0 8527 923.89 4262.2 8 6579.02
0.00883 1e-05 0 0 0 0 0 0 8512 925.379 4264.54 8 5717.21
0.00885 1e-05 0 0 0 0 0 0 8539 928.433 4268.89 8 3825.26
0.00886 1e-05 0 0 0 0 0 0 8551 929.67 4272.41 8 6912.84
0.00887 1e-05 0 0 0 0 0 0 8560 930.763 4276.59 8 7831.3
0.00888 1e-05 0 0 0 0 0 0 8563 932.462 4277.98 8 5041.53
0.00889 1e-05 0 0 0 0 0 0 8575 934.502 4277.82 8 4202.73
0.0089 1e-05 0 0 0 0 0 0 8566 935.921 4280.49 8 6035.95
0.00892 1e-05 0 0 0 0 0 0 8587 937.696 4290.69 8 9343.16
0.00893 1e-05 0 0 0 0 0 0 8608 940.041 4289.14 8 3670.62
0.00894 1e-05 0 0 0 0 0 0 8623 941.26 4292.75 8 7074.16
0.00895 1e-05 0 0 0 0 0 0 8611 942.755 4295.07 8 5762.06
0.00896 1e-05 0 0 0 0 0 0 8617 944.34 4296.99 8 5437.19
0.00897 1e-05 0 0 0 0 0 0 8656 947.195 4293.18 8 3031.87
0.00898 1e-05 0 0 0 0 0 0 8671 948.403 4296.85 8 7177.8
0.00899 1e-05 0 0 0 0 0 0 8704 949.622 4300.5 8 7135.65
0.00901 1e-05 0 0 0 0 0 0 8701 952.509 4305.74 8 4266.38
0.00903 1e-05 0 0 0 0 0 0 8695 954.214 4316.26 8 10304.9
0.00905 1e-05 0 0 0 0 0 0 8692 957.047 4321.64 8 4213.94
0.00906 1e-05 0 0 0 0 0 0 8692 958.4 4324.61 8 6426.65
0.00907 1e-05 0 0 0 0 0 0 8704 959.664 4327.98 8 6882.44
0.00908 1e-05 0 0 0 0 0 0 8695 961 4331.01 8 6508.24
0.009088 8e-06 0 0 0 0 0 0 8716 963.728 4327.8 8 3195.57
0.009096 8e-06 0 0 0 0 0 0 8746 964.844 4331.86 8 7839.88
0.009104 8e-06 0 0 0 0 0 0 8773 965.853 4336.41 8 8693.31
0.00912 8e-06 0 0 0 0 0 0 8818 967.758 4346.08 8 9600.35
0.009128 8e-06 0 0 0 0 0 0 8800 970.053 4344.87 8 3834.66
0.009136 8e-06 0 0 0 0 0 0 8803 971.671 4346.69 8 5438.73
0.009144 8e-06 0 0 0 0 0 0 8815 972.993 4349.85 8 6668.45
0.009152 8e-06 0 0 0 0 0 0 8803 974.042 4354.2 8 8395.97
0.00916 8e-06 0 0 0 0 0 0 8815 975.426 4357.06 8 6365.11
0.009168 8e-06 0 0 0 0 0 0 8806 977.409 4357.23 8 4441.24
0.009184 8e-06 0 0 0 0 0 0 8866 979.266 4367.02 8 10016
0.0092 8e-06 0 0 0 0 0 0 8899 980.94 4377.7 8 10606.1
0.009208 8e-06 0 0 0 0 0 0 8920 982.712 4378.88 8 5033.56
0.009216 8e-06 0 0 0 0 0 0 8941 983.87 4382.82 8 7725.79
0.009224 8e-06 0 0 0 0 0 0 8956 985.529 4384.53 8 5397.93
0.009232 8e-06 0 0 0 0 0 0 8956 987.026 4386.95 8 5982.74
0.00924 8e-06 0 0 0 0 0 0 8974 988.277 4390.48 8 7174.55
0.009248 8e-06 0 0 0 0 0 0 9004 989.982 4392.01 8 5278.85
0.009264 8e-06 0 0 0 0 0 0 9034 991.78 4402.25 8 9798.31
0.00928 8e-06 0 0 0 0 0 0 9061 993.624 4412.3 8 10038.6
0.009288 8e-06 0 0 0 0 0 0 9085 995.349 4413.78 8 5266.07
0.009296 8e-06 0 0 0 0 0 0 9088 996.68 4417.01 8 6831.2
0.009304 8e-06 0 0 0 0 0 0 9079 998.08 4419.91 8 6483.69
0.009312 8e-06 0 0 0 0 0 0 9082 999.166 4424.19 8 8359.5
0.00932 8e-06 0 0 0 0 0 0 9106 1000.78 4426.15 8 5637.62
0.009328 8e-06 0 0 0 0 0 0 9112 1002.82 4426.24 8 4468.81
0.009344 8e-06 0 0 0 0 0 0 9088 1004.7 4436.04 8 9808.7
0.00936 8e-06 0 0 0 0 0 0 9088 1006.63 4445.59 8 9246.93
0.009368 8e-06 0 0 0 0 0 0 9082 1008.32 4447.14 8 5373.55
0.009376 8e-06 0 0 0 0 0 0 9061 1010.06 4448.48 8 5221.78
0.009384 8e-06 0 0 0 0 0 0 9040 1011.26 4452.11 8 7498.8
0.009392 8e-06 0 0 0 0 0 0 9007 1013.41 4451.56 8 4190.67
0.0094 8e-06 0 0 0 0 0 0 9055 1014.54 4455.53 8 8025.38
0.009408 8e-06 0 0 0 0 0 0 9055 1016.4 4456.31 8 4882.18
0.009424 8e-06 0 0 0 0 0 0 9106 1018.26 4466 8 9465.23
0.00944 8e-06 0 0 0 0 0 0 9169 1020.04 4476.16 8 10536.3
0.009448 8e-06 0 0 0 0 0 0 9217 1021.79 4477.53 8 5280.97
0.009456 8e-06 0 0 0 0 0 0 9208 1023.16 4480.53 8 6710.41
0.009464 8e-06 0 0 0 0 0 0 9220 1024.92 4481.85 8 5249.84
0.009472 8e-06 0 0 0 0 0 0 9226 1026.3 4484.78 8 6646.43
0.00948 8e-06 0 0 0 0 0 0 9223 1027.72 4487.59 8 6533.07
0.009488 8e-06 0 0 0 0 0 0 9193 1030.14 4485.96 8 3794.61
0.009496 8e-06 0 0 0 0 0 0 9205 1031.38 4489.48 8 7413.24
0.009504 8e-06 0 0 0 0 0 0 9205 1032.84 4492.07 8 6324.06
0.009512 8e-06 0 0 0 0 0 0 9214 1033.87 4496.5 8 8928.1
0.00952 8e-06 0 0 0 0 0 0 9211 1034.92 4500.82 8 8743.29
0.009528 8e-06 0 0 0 0 0 0 9229 1036.83 4501.45 8 4842.62
0.009536 8e-06 0 0 0 0 0 0 9244 1038.16 4504.59 8 6957.43
0.009544 8e-06 0 0 0 0 0 0 9220 1039.68 4506.87 8 6065.21
0.009552 8e-06 0 0 0 0 0 0 9247 1041.23 4509.01 8 5934.69
0.00956 8e-06 0 0 0 0 0 0 9271 1042.63 4511.88 8 6659.14
0.009568 8e-06 0 0 0 0 0 0 9280 1044.57 4512.35 8 4763.47
0.009584 8e-06 0 0 0 0 0 0 9304 1046.39 4522.33 8 11293.3
0.0096 8e-06 0 0 0 0 0 0 9343 1048.18 4532.39 8 11148.5
0.009608 8e-06 0 0 0 0 0 0 9355 1049.94 4533.71 8 5321.94
0.009616 8e-06 0 0 0 0 0 0 9379 1051.23 4537.06 8 7260.49
0.009624 8e-06 0 0 0 0 0 0 9391 1052.71 4539.6 8 6349.37
0.009632 8e-06 0 0 0 0 0 0 9391 1053.92 4543.29 8 7743.09
0.00964 8e-06 0 0 0 0 0 0 9382 1055.55 4545.16 8 5755.08
0.009648 8e-06 0 0 0 0 0 0 9388 1057.52 4545.61 8 4783.43
0.009664 8e-06 0 0 0 0 0 0 9403 1059.48 4554.93 8 9152.03
0.00968 8e-06 0 0 0 0 0 0 9406 1061.26 4565.03 8 10687.5
0.009688 8e-06 0 0 0 0 0 0 9421 1062.94 4566.63 8 5577.78
0.009696 8e-06 0 0 0 0 0 0 9421 1064.28 4569.74 8 7035.02
0.009704 8e-06 0 0 0 0 0 0 9442 1065.63 4572.81 8 6995.12
0.009712 8e-06 0 0 0 0 0 0 9460 1067.23 4574.85 8 5933.26
0.00972 8e-06 0 0 0 0 0 0 9481 1068.66 4577.57 8 6607.34
0.009728 8e-06 0 0 0 0 0 0 9493 1070.59 4578.2 8 4924.82
0.009744 8e-06 0 0 0 0 0 0 9517 1072.59 4587.38 8 8836.48
0.00976 8e-06 0 0 0 0 0 0 9526 1074.3 4597.81 8 11196.8
0.009768 8e-06 0 0 0 0 0 0 9538 1076.07 4599.1 8 5375.52
0.009776 8e-06 0 0 0 0 0 0 9562 1077.76 4600.78 8 5679.28
0.009784 8e-06 0 0 0 0 0 0 9562 1078.79 4605.22 8 9198.98
0.009792 8e-06 0 0 0 0 0 0 9583 1080.26 4607.85 8 6548.69
0.0098 8e-06 0 0 0 0 0 0 9595 1081.55 4611.23 8 7452.4
0.009808 8e-06 0 0 0 0 0 0 9574 1083.42 4612.11 8 5118.58
0.009824 8e-06 0 0 0 0 0 0 9562 1085.29 4621.8 8 10345.4
0.00984 8e-06 0 0 0 0 0 0 9517 1087.06 4631.78 8 10565.2
0.009848 8e-06 0 0 0 0 0 0 9532 1088.75 4633.38 8 5662.48
0.009856 8e-06 0 0 0 0 0 0 9547 1089.94 4637.06 8 7990.85
0.009864 8e-06 0 0 0 0 0 0 9547 1091.44 4639.43 8 6365.65
0.009872 8e-06 0 0 0 0 0 0 9571 1092.91 4641.96 8 6525.7
0.00988 8e-06 0 0 0 0 0 0 9595 1094.15 4645.48 8 7756.48
0.009888 8e-06 0 0 0 0 0 0 9601 1096.12 4645.86 8 4851.97
0.009896 8e-06 0 0 0 0 0 0 9604 1097.17 4650.17 8 9162.16
0.009904 8e-06 0 0 0 0 0 0 9622 1098.19 4654.61 8 9418.91
0.00992 8e-06 0 0 0 0 0 0 9595 1100.06 4664.15 8 10306.5
0.009928 8e-06 0 0 0 0 0 0 9601 1101.73 4665.79 8 5745.91
0.009936 8e-06 0 0 0 0 0 0 9580 1102.92 4669.47 8 8102.21
0.009944 8e-06 0 0 0 0 0 0 9595 1104 4673.58 8 8856.71
0.009952 8e-06 0 0 0 0 0 0 9601 1105.36 4676.54 8 7082.3
0.00996 8e-06 0 0 0 0 0 0 9616 1107.11 4677.83 8 5497.04
0.009968 8e-06 0 0 0 0 0 0 9655 1109.02 4678.45 8 5035.99
0.009984 8e-06 0 0 0 0 0 0 9664 1110.9 4687.93 8 10755.4
0.01 8e-06 0 0 0 0 0 0 9688 1112.81 4697.28 8 9803.65
0.010008 8e-06 0 0 0 0 0 0 9694 1114.7 4698.03 8 5142.95
0.010016 8e-06 0 0 0 0 0 0 9697 1116.04 4701.07 8 7217.71
0.010024 8e-06 0 0 0 0 0 0 9715 1117.36 4704.23 8 7389.97
0.010032 8e-06 0 0 0 0 0 0 9712 1118.82 4706.75 8 6621.86
0.01004 8e-06 0 0 0 0 0 0 9718 1120.49 4708.42 8 5834.71
0.010048 8e-06 0 0 0 0 0 0 9727 1122.5 4708.64 8 4828.73
0.010056 8e-06 0 0 0 0 0 0 9763 1123.61 4712.69 8 8823.95
0.010072 8e-06 0 0 0 0 0 0 9748 1125.45 4722.3 8 10431.6
0.010088 8e-06 0 0 0 0 0 0 9778 1128.1 4728.53 8 5697.76
0.010096 8e-06 0 0 0 0 0 0 9766 1129.17 4732.71 8 9154.2
0.010104 8e-06 0 0 0 0 0 0 9787 1130.61 4735.33 8 6781.24
0.010112 8e-06 0 0 0 0 0 0 9796 1132.21 4737.29 8 6123.65
0.01012 8e-06 0 0 0 0 0 0 9793 1133.8 4739.3 8 6171.42
0.010128 8e-06 0 0 0 0 0 0 9799 1136.61 4736.18 8 3480.77
0.010136 8e-06 0 0 0 0 0 0 9826 1137.79 4739.93 8 8375.08
0.010142 6e-06 0 0 0 0 0 0 9808 1139.33 4742.12 8 6350.4
0.010148 6e-06 0 0 0 0 0 0 9841 1140.94 4744.04 8 6101.49
0.010154 6e-06 0 0 0 0 0 0 9847 1142 4748.28 8 9338.15
0.01016 6e-06 0 0 0 0 0 0 9862 1143.32 4751.43 8 7479.92
0.0101667 6.66667e-06 0 0 0 0 0 0 9859 1145.81 4749.69 8 3952.28
0.0101733 6.66667e-06 0 0 0 0 0 0 9862 1147.47 4751.44 8 5960.38
0.01018 6.66667e-06 0 0 0 0 0 0 9865 1148.92 4753.99 8 6766.43
0.0101867 6.66667e-06 0 0 0 0 0 0 9838 1150.62 4755.54 8 5807.17
0.0101933 6.66667e-06 0 0 0 0 0 0 9826 1151.91 4758.73 8 7599.15
0.0102 6.66667e-06 0 0 0 0 0 0 9850 1153.07 4762.49 8 8495.02
0.0102067 6.66667e-06 0 0 0 0 0 0 9886 1155.05 4762.88 8 4990.17
0.01022 6.66667e-06 0 0 0 0 0 0 9877 1156.88 4772.42 8 11302.6
0.0102333 6.66667e-06 0 0 0 0 0 0 9898 1159.35 4779.3 8 5866.88
0.01024 6.66667e-06 0 0 0 0 0 0 9907 1161.31 4779.8 8 5075.89
0.010248 8e-06 0 0 0 0 0 0 9910 1163.58 4778.99 8 4364.94
0.010256 8e-06 0 0 0 0 0 0 9880 1164.78 4782.54 8 8224.01
0.010264 8e-06 0 0 0 0 0 0 9889 1165.81 4786.79 8 9572.24
0.010272 8e-06 0 0 0 0 0 0 9877 1166.84 4791.03 8 9582.7
0.010288 8e-06 0 0 0 0 0 0 9901 1170.11 4794.56 8 4353.35
0.010296 8e-06 0 0 0 0 0 0 9874 1171.66 4796.65 8 6371.75
0.010304 8e-06 0 0 0 0 0 0 9874 1172.99 4799.61 8 7404.21
0.010312 8e-06 0 0 0 0 0 0 9871 1174.84 4800.46 8 5338.33
0.01032 8e-06 0 0 0 0 0 0 9862 1176.46 4802.26 8 6109.64
0.010328 8e-06 0 0 0 0 0 0 9880 1178.91 4800.65 8 4030.02
0.010336 8e-06 0 0 0 0 0 0 9868 1179.99 4804.62 8 9138.38
0.010344 8e-06 0 0 0 0 0 0 9901 1181.07 4808.6 8 9147.07
0.01036 8e-06 0 0 0 0 0 0 9928 1183.02 4817.47 8 10103
0.01037 1e-05 0 0 0 0 0 0 9955 1184.93 4818.09 8 5196.5
0.01038 1e-05 0 0 0 0 0 0 9961 1185.94 4822.39 8 9868.35
0.0104 1e-05 0 0 0 0 0 0 9961 1188.32 4829.48 8 6867.09
0.01041 1e-05 0 0 0 0 0 0 9952 1190.9 4827.39 8 3862.47
0.01042 1e-05 0 0 0 0 0 0 9952 1192.65 4828.66 8 5693.6
0.01043 1e-05 0 0 0 0 0 0 9961 1193.93 4831.81 8 7752.57
0.01044 1e-05 0 0 0 0 0 0 9952 1194.99 4835.88 8 9450.8
0.0104533 1.33333e-05 0 0 0 0 0 0 9970 1196.91 4836.45 8 5188.79
0.0104667 1.33333e-05 0 0 0 0 0 0 9958 1197.91 4840.72 8 9957.28
0.0104933 1.33333e-05 0 0 0 0 0 0 9973 1200.75 4845.87 8 5198.78
0.01052 1.33333e-05 0 0 0 0 0 0 9985 1203.03 4853.27 8 7072.62
0.0105333 1.33333e-05 0 0 0 0 0 0 9964 1205.35 4852.22 8 4306.83
0.0105467 1.33333e-05 0 0 0 0 0 0 9946 1206.95 4854.01 8 6203.46
0.01056 1.33333e-05 0 0 0 0 0 0 9934 1208.35 4856.63 8 7114.24
0.0105733 1.33333e-05 0 0 0 0 0 0 9952 1210.34 4856.86 8 4999.16
0.0105867 1.33333e-05 0 0 0 0 0 0 9952 1211.42 4860.72 8 9149.51
0.0106133 1.33333e-05 0 0 0 0 0 0 9976 1214.24 4865.86 8 5278.32
0.01064 1.33333e-05 0 0 0 0 0 0 10045 1216.18 4874.59 8 10140.6
0.0106533 1.33333e-05 0 0 0 0 0 0 10039 1218.51 4873.52 8 4316.38
0.0106667 1.33333e-05 0 0 0 0 0 0 10057 1220.15 4875.21 8 6132.34
0.01068 1.33333e-05 0 0 0 0 0 0 10045 1221.62 4877.55 8 6807.2
0.0107 2e-05 0 0 0 0 0 0 10036 1224.4 4874.67 8 3610.65
0.01072 2e-05 0 0 0 0 0 0 10021 1225.82 4877.19 8 7052.34
0.01074 2e-05 0 0 0 0 0 0 10036 1229.03 4872.63 8 3129.28
0.01076 2e-05 0 0 0 0 0 0 10051 1230.72 4874.09 8 5932.45
0.01078 2e-05 0 0 0 0 0 0 10057 1232.74 4874.27 8 4981.48
0.0108 2e-05 0 0 0 0 0 0 10063 1234.12 4876.98 8 7304.64
0.01082 2e-05 0 0 0 0 0 0 10075 1236.09 4877.34 8 5102.22
0.01084 2e-05 0 0 0 0 0 0 10060 1238.03 4877.83 8 5190.29
0.01086 2e-05 0 0 0 0 0 0 10057 1240.96 4874.42 8 3431.55
0.01088 2e-05 0 0 0 0 0 0 10066 1242.7 4875.69 8 5787.49
0.0109 2e-05 0 0 0 0 0 0 10054 1244.88 4875.25 8 4621.53
0.01092 2e-05 0 0 0 0 0 0 10039 1246.18 4878.21 8 7704.97
0.01094 2e-05 0 0 0 0 0 0 10009 1248.09 4878.76 8 5236.24
0.01096 2e-05 0 0 0 0 0 0 9991 1249.18 4882.51 8 9187.04
0.01098 2e-05 0 0 0 0 0 0 9997 1251.07 4883.12 8 5288.11
0.01102 2e-05 0 0 0 0 0 0 9991 1254.1 4887.25 8 4912.21
0.01104 2e-05 0 0 0 0 0 0 9991 1255.78 4888.69 8 5972.22
0.01106 2e-05 0 0 0 0 0 0 9988 1258.67 4885.39 8 3452.42
0.01108 2e-05 0 0 0 0 0 0 9946 1260.92 4884.55 8 4412.84
0.0111 2e-05 0 0 0 0 0 0 9937 1263.05 4884.18 8 4665.19
0.01112 2e-05 0 0 0 0 0 0 9925 1264.21 4887.55 8 8561.73
0.01114 2e-05 0 0 0 0 0 0 9931 1266.12 4888.04 8 5211.5
0.01116 2e-05 0 0 0 0 0 0 9928 1267.21 4891.66 8 9088.79
0.01118 2e-05 0 0 0 0 0 0 9937 1269.15 4892.03 8 5131.88
0.0112 2e-05 0 0 0 0 0 0 9955 1270.22 4895.74 8 9306.61
0.01122 2e-05 0 0 0 0 0 0 9958 1272.09 4896.35 8 5306.35
0.01124 2e-05 0 0 0 0 0 0 9964 1273.78 4897.68 8 5901.6
0.01126 2e-05 0 0 0 0 0 0 9964 1276.76 4894.07 8 3348.56
0.01128 2e-05 0 0 0 0 0 0 9952 1278.71 4894.37 8 5090.14
0.0113 2e-05 0 0 0 0 0 0 9958 1280.76 4894.3 8 4851.55
0.01132 2e-05 0 0 0 0 0 0 9943 1282.01 4897.29 8 7960.88
0.01134 2e-05 0 0 0 0 0 0 9934 1284.06 4897.23 8 4861.03
0.01136 2e-05 0 0 0 0 0 0 9946 1285.25 4900.43 8 8345.63
0.01138 2e-05 0 0 0 0 0 0 9967 1287.08 4901.19 8 5434.31
0.01142 2e-05 0 0 0 0 0 0 9997 1289.93 4905.9 8 5364.21
0.01144 2e-05 0 0 0 0 0 0 9979 1291.15 4908.98 8 8144.93
0.01146 2e-05 0 0 0 0 0 0 10012 1293.79 4906.71 8 3797.19
0.01148 2e-05 0 0 0 0 0 0 10027 1295.48 4908.05 8 5936.64
0.0115 2e-05 0 0 0 0 0 0 10018 1297.56 4907.91 8 4817.1
0.01152 2e-05 0 0 0 0 0 0 10024 1298.74 4911.16 8 8478.5
0.01154 2e-05 0 0 0 0 0 0 10018 1300.66 4911.59 8 5204.16
0.01156 2e-05 0 0 0 0 0 0 10021 1301.73 4915.26 8 9382.63
0.01158 2e-05 0 0 0 0 0 0 10027 1303.63 4915.78 8 5272.88
0.0116 2e-05 0 0 0 0 0 0 10027 1304.77 4919.18 8 8812.51
0.01162 2e-05 0 0 0 0 0 0 10021 1306.62 4919.9 8 5427.84
0.01164 2e-05 0 0 0 0 0 0 10003 1308.28 4921.28 8 6004.55
0.01166 2e-05 0 0 0 0 0 0 9997 1310.71 4919.79 8 4118.38
0.01168 2e-05 0 0 0 0 0 0 9982 1312.47 4920.8 8 5675.26
0.0117 2e-05 0 0 0 0 0 0 9976 1314.62 4920.34 8 4635.32
0.01172 2e-05 0 0 0 0 0 0 9976 1315.84 4923.37 8 8195.87
0.01174 2e-05 0 0 0 0 0 0 9979 1318.28 4921.81 8 4082.74
0.01176 2e-05 0 0 0 0 0 0 9973 1320.2 4922.23 8 5213.62
0.01178 2e-05 0 0 0 0 0 0 9979 1322.82 4920.02 8 3805.55
0.0118 2e-05 0 0 0 0 0 0 9964 1324.05 4922.97 8 8104.46
0.01182 2e-05 0 0 0 0 0 0 9934 1325.96 4923.37 8 5199.14
0.01184 2e-05 0 0 0 0 0 0 9937 1327.36 4925.67 8 7098.74
0.01186 2e-05 0 0 0 0 0 0 9925 1330.07 4923.08 8 3657.53
0.01188 2e-05 0 0 0 0 0 0 9901 1331.54 4925.08 8 6732.64
0.0119 2e-05 0 0 0 0 0 0 9904 1333.64 4924.75 8 4717.29
0.01192 2e-05 0 0 0 0 0 0 9886 1334.78 4927.97 8 8719.98
0.01196 4e-05 0 0 0 0 0 0 9871 1337.11 4926.74 8 4221.37
0.01197 1e-05 0 0 0 0 0 0 9877 1339.02 4927.11 8 5187.6
0.0119867 6.66667e-06 0 0 0 0 0 0 9847 1340.82 4935.19 8 12281.1
0.012 6.66667e-06 0 0 0 0 0 0 9850 1342.92 4942.15 8 7431.58
0.012008 8e-06 0 0 0 0 0 0 9868 1345.39 4940.39 8 3982.23
0.012016 8e-06 0 0 0 0 0 0 9868 1346.63 4943.18 8 7984.96
0.012024 8e-06 0 0 0 0 0 0 9853 1347.71 4946.54 8 9134.01
0.012032 8e-06 0 0 0 0 0 0 9856 1348.85 4949.66 8 8641.3
0.01205 1e-05 0 0 0 0 0 0 9835 1352.31 4951.57 8 3933.22
0.01206 1e-05 0 0 0 0 0 0 9862 1354.02 4952.58 8 5746.93
0.01207 1e-05 0 0 0 0 0 0 9862 1355.29 4955.22 8 7776.8
0.01208 1e-05 0 0 0 0 0 0 9865 1356.57 4957.82 8 7711.3
0.0120933 1.33333e-05 0 0 0 0 0 0 9892 1359.02 4956.15 8 4032.45
0.0121067 1.33333e-05 0 0 0 0 0 0 9883 1361.3 4955.13 8 4346.68
0.01212 1.33333e-05 0 0 0 0 0 0 9877 1362.74 4957.14 8 6859.78
0.0121333 1.33333e-05 0 0 0 0 0 0 9880 1365.07 4955.92 8 4241.01
0.0121467 1.33333e-05 0 0 0 0 0 0 9856 1366.85 4956.64 8 5510.17
0.01216 1.33333e-05 0 0 0 0 0 0 9850 1367.97 4959.79 8 8796.79
0.01218 2e-05 0 0 0 0 0 0 9835 1370.11 4959.23 8 4600.16
0.0122 2e-05 0 0 0 0 0 0 9826 1371.28 4962.16 8 8389.46
0.01222 2e-05 0 0 0 0 0 0 9835 1373.19 4962.44 8 5166.72
0.01224 2e-05 0 0 0 0 0 0 9835 1374.24 4965.79 8 9331.78
0.01226 2e-05 0 0 0 0 0 0 9823 1376.68 4964.13 8 4027.53
0.01228 2e-05 0 0 0 0 0 0 9820 1378.25 4965.6 8 6257.99
0.0123 2e-05 0 0 0 0 0 0 9832 1380.97 4962.92 8 3607.73
0.01232 2e-05 0 0 0 0 0 0 9844 1382.79 4963.51 8 5410.91
0.01234 2e-05 0 0 0 0 0 0 9850 1384.87 4963.19 8 4748.18
0.01236 2e-05 0 0 0 0 0 0 9844 1386.08 4965.93 8 8091.23
0.01238 2e-05 0 0 0 0 0 0 9838 1388.05 4965.99 8 5005.29
0.0124 2e-05 0 0 0 0 0 0 9826 1389.08 4969.37 8 9516.76
0.01242 2e-05 0 0 0 0 0 0 9811 1390.93 4969.82 8 5302.15
0.01246 2e-05 0 0 0 0 0 0 9823 1394.51 4971.16 8 3720.88
0.01248 2e-05 0 0 0 0 0 0 9832 1396.48 4971.17 8 4982.99
0.01252 4e-05 0 0 0 0 0 0 9880 1399.48 4967.59 8 3298.11
0.01253 1e-05 0 0 0 0 0 0 9877 1401.75 4966.59 8 4347
0.01254 1e-05 0 0 0 0 0 0 9868 1403.04 4969.05 8 7637.13
0.01255 1e-05 0 0 0 0 0 0 9856 1404.1 4972.33 8 9324.34
0.01257 1e-05 0 0 0 0 0 0 9859 1406.62 4977.44 8 5873.27
0.01259 1e-05 0 0 0 0 0 0 9859 1408.32 4985.43 8 11977.8
0.0126 1e-05 0 0 0 0 0 0 9874 1409.51 4988.25 8 8346.37
0.0126133 1.33333e-05 0 0 0 0 0 0 9868 1412.06 4986.21 8 3861.5
0.0126267 1.33333e-05 0 0 0 0 0 0 9862 1413.68 4987.47 8 6080.05
0.01264 1.33333e-05 0 0 0 0 0 0 9880 1414.75 4990.71 8 9306.73
0.0126533 1.33333e-05 0 0 0 0 0 0 9883 1416.76 4990.61 8 4919.59
0.01268 1.33333e-05 0 0 0 0 0 0 9871 1418.61 4997.99 8 11350.5
0.0127 2e-05 0 0 0 0 0 0 9850 1420.48 4998.37 8 5291.6
0.01272 2e-05 0 0 0 0 0 0 9853 1421.53 5001.6 8 9343.86
0.01274 2e-05 0 0 0 0 0 0 9850 1423.29 5002.34 8 5601.52
0.01276 2e-05 0 0 0 0 0 0 9835 1425.07 5002.99 8 5520.35
0.01278 2e-05 0 0 0 0 0 0 9835 1428.01 4999.59 8 3349.26
0.0128 2e-05 0 0 0 0 0 0 9835 1429.42 5001.51 8 6940.07
0.01282 2e-05 0 0 0 0 0 0 9832 1431.35 5001.66 8 5113.45
0.01284 2e-05 0 0 0 0 0 0 9844 1432.45 5004.67 8 8905.78
0.01286 2e-05 0 0 0 0 0 0 9853 1434.41 5004.72 8 5037.38
0.01288 2e-05 0 0 0 0 0 0 9850 1435.43 5008 8 9593.35
0.0129 2e-05 0 0 0 0 0 0 9844 1437.21 5008.65 8 5529.95
0.01296 4e-05 0 0 0 0 0 0 9793 1440.18 5011.94 8 4901.51
0.0129733 1.33333e-05 0 0 0 0 0 0 9787 1442.88 5009.37 8 3632.76
0.0129867 1.33333e-05 0 0 0 0 0 0 9784 1444.49 5010.55 8 6069.83
0.013 1.33333e-05 0 0 0 0 0 0 9751 1445.95 5012.24 8 6690
0.0130133 1.33333e-05 0 0 0 0 0 0 9748 1448.41 5010.44 8 3952.46
0.0130267 1.33333e-05 0 0 0 0 0 0 9733 1449.65 5012.85 8 7830.45
0.01304 1.33333e-05 0 0 0 0 0 0 9754 1450.75 5015.79 8 8887.68
0.0130533 1.33333e-05 0 0 0 0 0 0 9763 1452.5 5016.47 8 5580.85
0.0130667 1.33333e-05 0 0 0 0 0 0 9754 1453.54 5019.61 8 9435.85
0.0131 2e-05 0 0 0 0 0 0 9757 1456.48 5022.87 8 4884.76
0.01312 2e-05 0 0 0 0 0 0 9760 1458.02 5024.24 8 6314.4
0.01314 2e-05 0 0 0 0 0 0 9766 1460.74 5021.57 8 3591.02
0.01316 2e-05 0 0 0 0 0 0 9775 1462.47 5022.32 8 5648.65
0.01318 2e-05 0 0 0 0 0 0 9766 1464.5 5022.03 8 4816.41
0.0132 2e-05 0 0 0 0 0 0 9775 1465.53 5025.18 8 9513.88
0.01322 2e-05 0 0 0 0 0 0 9778 1467.39 5025.47 8 5252.95
0.01326 2e-05 0 0 0 0 0 0 9784 1470.08 5029.58 8 5566.51
0.01332 4e-05 0 0 0 0 0 0 9790 1473.13 5032.44 8 4724.96
0.0133333 1.33333e-05 0 0 0 0 0 0 9790 1476.32 5028.2 8 3071.03
0.0133467 1.33333e-05 0 0 0 0 0 0 9799 1478.11 5028.76 8 5488.64
0.01336 1.33333e-05 0 0 0 0 0 0 9793 1479.91 5029.25 8 5436.83
0.0133733 1.33333e-05 0 0 0 0 0 0 9787 1482.1 5028.43 8 4469.44
0.0133867 1.33333e-05 0 0 0 0 0 0 9799 1483.47 5030.37 8 7125.84
0.0134 1.33333e-05 0 0 0 0 0 0 9802 1484.88 5032.19 8 6949.11
0.0134133 1.33333e-05 0 0 0 0 0 0 9787 1487.21 5030.9 8 4207.14
0.0134267 1.33333e-05 0 0 0 0 0 0 9784 1488.33 5033.7 8 8750.58
0.01344 1.33333e-05 0 0 0 0 0 0 9796 1489.38 5036.73 8 9335.22
0.01346 2e-05 0 0 0 0 0 0 9793 1491.27 5036.88 8 5158.63
0.01348 2e-05 0 0 0 0 0 0 9775 1492.74 5038.47 8 6651.79
0.0135 2e-05 0 0 0 0 0 0 9796 1495.46 5035.88 8 3608.65
0.01352 2e-05 0 0 0 0 0 0 9787 1497.18 5036.61 8 5668.95
0.01354 2e-05 0 0 0 0 0 0 9781 1499.22 5036.29 8 4806.91
0.01356 2e-05 0 0 0 0 0 0 9772 1500.3 5039.17 8 9016.19
0.01358 2e-05 0 0 0 0 0 0 9760 1502.15 5039.47 8 5280.91
0.0136 2e-05 0 0 0 0 0 0 9760 1503.21 5042.42 8 9244.82
0.01364 4e-05 0 0 0 0 0 0 9757 1505.26 5042.02 8 4750.69
0.0136533 1.33333e-05 0 0 0 0 0 0 9748 1507.21 5041.99 8 5013.69
0.01368 1.33333e-05 0 0 0 0 0 0 9751 1509.74 5046.43 8 6328.84
0.0136933 1.33333e-05 0 0 0 0 0 0 9772 1511.82 5045.95 8 4698.39
0.0137067 1.33333e-05 0 0 0 0 0 0 9751 1513.44 5047 8 6033.58
0.01372 1.33333e-05 0 0 0 0 0 0 9745 1514.52 5049.82 8 8975.97
0.0137333 1.33333e-05 0 0 0 0 0 0 9742 1516.56 5049.47 8 4791.45
0.0137467 1.33333e-05 0 0 0 0 0 0 9751 1517.59 5052.46 8 9431.18
0.01378 2e-05 0 0 0 0 0 0 9757 1520.24 5056.47 8 5515.41
0.0138 2e-05 0 0 0 0 0 0 9727 1521.28 5059.41 8 9374.22
0.01382 2e-05 0 0 0 0 0 0 9736 1523.08 5059.81 8 5393.46
0.01384 2e-05 0 0 0 0 0 0 9739 1524.19 5062.51 8 8767.41
0.01386 2e-05 0 0 0 0 0 0 9724 1527.26 5058.71 8 3170.79
0.01388 2e-05 0 0 0 0 0 0 9724 1528.93 5059.54 8 5813.63
0.0139 2e-05 0 0 0 0 0 0 9718 1530.99 5059.07 8 4716.25
0.01392 2e-05 0 0 0 0 0 0 9703 1532 5062.09 8 9667.41
0.01396 4e-05 0 0 0 0 0 0 9685 1534.1 5061.47 8 4603.58
0.0139733 1.33333e-05 0 0 0 0 0 0 9682 1536.05 5061.33 8 4956.78
0.0139867 1.33333e-05 0 0 0 0 0 0 9652 1537.09 5064.2 8 9321.28
0.0140133 1.33333e-05 0 0 0 0 0 0 9652 1540.24 5066.39 8 4163.07
0.0140267 1.33333e-05 0 0 0 0 0 0 9655 1541.69 5067.87 8 6636.22
0.01404 1.33333e-05 0 0 0 0 0 0 9685 1542.93 5070.06 8 7782.4
0.0140533 1.33333e-05 0 0 0 0 0 0 9715 1545.3 5068.58 8 4104.81
0.0140667 1.33333e-05 0 0 0 0 0 0 9724 1546.97 5069.39 8 5813.81
0.0141 2e-05 0 0 0 0 0 0 9709 1550.11 5071.67 8 4543.31
0.01412 2e-05 0 0 0 0 0 0 9703 1551.17 5074.47 8 9171.05
0.01414 2e-05 0 0 0 0 0 0 9697 1553.08 5074.46 8 5072.5
0.01418 2e-05 0 0 0 0 0 0 9676 1555.72 5078.31 8 5767.94
0.0142 2e-05 0 0 0 0 0 0 9664 1557.44 5078.9 8 5613.44
0.01424 4e-05 0 0 0 0 0 0 9694 1560.49 5075.19 8 3179.22
0.0142533 1.33333e-05 0 0 0 0 0 0 9691 1562.92 5073.49 8 3983.66
0.0142667 1.33333e-05 0 0 0 0 0 0 9685 1564.18 5075.61 8 7704.61
0.0142933 1.33333e-05 0 0 0 0 0 0 9652 1566.84 5079.33 8 5584.51
0.01432 1.33333e-05 0 0 0 0 0 0 9646 1568.6 5085.9 8 11139.9
0.0143333 1.33333e-05 0 0 0 0 0 0 9628 1570.33 5086.46 8 5591.12
0.01436 1.33333e-05 0 0 0 0 0 0 9613 1572.46 5091.79 8 7313.05
0.01438 2e-05 0 0 0 0 0 0 9613 1575.36 5088.52 8 3313.13
0.0144 2e-05 0 0 0 0 0 0 9622 1577.49 5087.75 8 4520.54
0.01442 2e-05 0 0 0 0 0 0 9631 1579.52 5087.28 8 4726.93
0.01444 2e-05 0 0 0 0 0 0 9631 1580.63 5089.81 8 8676.82
0.01448 4e-05 0 0 0 0 0 0 9637 1582.63 5089.48 8 4834.81
0.0144933 1.33333e-05 0 0 0 0 0 0 9631 1584.5 5089.56 8 5150.63
0.01452 1.33333e-05 0 0 0 0 0 0 9613 1586.35 5095.73 8 10918.3
0.0145333 1.33333e-05 0 0 0 0 0 0 9616 1588.06 5096.31 8 5629.82
0.0145467 1.33333e-05 0 0 0 0 0 0 9643 1589.24 5098.59 8 8177.13
0.01456 1.33333e-05 0 0 0 0 0 0 9643 1591 5099 8 5467.29
0.0145733 1.33333e-05 0 0 0 0 0 0 9652 1594.17 5094.93 8 3047.58
0.0145867 1.33333e-05 0 0 0 0 0 0 9649 1595.39 5097.07 8 7883.83
0.0146 1.33333e-05 0 0 0 0 0 0 9655 1596.42 5099.82 8 9346.13
0.01462 2e-05 0 0 0 0 0 0 9694 1598.32 5099.82 8 5102.54
0.01464 2e-05 0 0 0 0 0 0 9685 1599.5 5102.13 8 8240.68
0.01466 2e-05 0 0 0 0 0 0 9673 1601.3 5102.42 8 5363.5
0.01472 4e-05 0 0 0 0 0 0 9691 1604.25 5105.14 8 4754.07
0.0147333 1.33333e-05 0 0 0 0 0 0 9691 1607.42 5101.09 8 3055.33
0.0147467 1.33333e-05 0 0 0 0 0 0 9658 1608.92 5102.33 8 6428.27
0.01476 1.33333e-05 0 0 0 0 0 0 9634 1610.85 5102.21 8 5003.44
0.0147733 1.33333e-05 0 0 0 0 0 0 9634 1613.61 5099.46 8 3490.62
0.0147867 1.33333e-05 0 0 0 0 0 0 9637 1614.73 5101.88 8 8582.12
0.0148 1.33333e-05 0 0 0 0 0 0 9628 1615.87 5104.24 8 8443.27
0.0148133 1.33333e-05 0 0 0 0 0 0 9649 1618.54 5101.76 8 3605.19
0.0148267 1.33333e-05 0 0 0 0 0 0 9652 1620.8 5100.6 8 4273.18
0.01484 1.33333e-05 0 0 0 0 0 0 9658 1622.29 5101.87 8 6480.88
0.01486 2e-05 0 0 0 0 0 0 9643 1624.24 5101.7 8 4956.12
0.01488 2e-05 0 0 0 0 0 0 9631 1626.03 5101.99 8 5372.46
0.0149 2e-05 0 0 0 0 0 0 9616 1628.58 5099.93 8 3780.53
0.01492 2e-05 0 0 0 0 0 0 9631 1630.43 5100.04 8 5196.2
0.01496 4e-05 0 0 0 0 0 0 9649 1632.61 5099.14 8 4427.23
0.0149733 1.33333e-05 0 0 0 0 0 0 9652 1634.63 5098.75 8 4782.63
0.0149867 1.33333e-05 0 0 0 0 0 0 9640 1635.75 5101.13 8 8553.97
0.015 1.33333e-05 0 0 0 0 0 0 9634 1637.1 5102.82 8 7149.73
0.0150133 1.33333e-05 0 0 0 0 0 0 9640 1639.63 5100.82 8 3809.17
0.0150267 1.33333e-05 0 0 0 0 0 0 9637 1640.76 5103.19 8 8561.8
0.01504 1.33333e-05 0 0 0 0 0 0 9610 1641.83 5105.7 8 8934.17
0.0150533 1.33333e-05 0 0 0 0 0 0 9607 1644.43 5103.48 8 3698.96
0.0150667 1.33333e-05 0 0 0 0 0 0 9598 1645.9 5104.75 8 6526.29
0.01508 1.33333e-05 0 0 0 0 0 0 9583 1647.61 5105.26 8 5596.16
0.0151 2e-05 0 0 0 0 0 0 9565 1650.37 5102.53 8 3468.99
0.01512 2e-05 0 0 0 0 0 0 9547 1652.15 5102.82 8 5373.65
0.01514 2e-05 0 0 0 0 0 0 9541 1654.39 5101.68 8 4255.96
0.01516 2e-05 0 0 0 0 0 0 9541 1655.76 5103.23 8 6982.2
0.0152 4e-05 0 0 0 0 0 0 9523 1658.95 5099.13 8 2977.29
0.0152133 1.33333e-05 0 0 0 0 0 0 9529 1662.11 5095.19 8 3021.55
0.0152267 1.33333e-05 0 0 0 0 0 0 9523 1663.47 5096.74 8 6988.98
0.01524 1.33333e-05 0 0 0 0 0 0 9508 1665.27 5096.95 8 5294.29
0.0152533 1.33333e-05 0 0 0 0 0 0 9505 1668.05 5094.13 8 3410.11
0.0152667 1.33333e-05 0 0 0 0 0 0 9496 1669.48 5095.48 8 6672.82
0.01528 1.33333e-05 0 0 0 0 0 0 9469 1670.74 5097.3 8 7516.18
0.0152933 1.33333e-05 0 0 0 0 0 0 9472 1672.47 5097.69 8 5472.84
0.01532 1.33333e-05 0 0 0 0 0 0 9463 1674.26 5103.55 8 10389.2
0.01534 2e-05 0 0 0 0 0 0 9460 1676.05 5103.76 8 5297.8
0.01536 2e-05 0 0 0 0 0 0 9439 1677.06 5106.29 8 9267.95
0.01538 2e-05 0 0 0 0 0 0 9430 1678.9 5106.32 8 5133.68
0.0154 2e-05 0 0 0 0 0 0 9436 1680.5 5107.07 8 5901.76
0.01544 4e-05 0 0 0 0 0 0 9427 1683.8 5102.67 8 2859.15
0.0154533 1.33333e-05 0 0 0 0 0 0 9427 1686.99 5098.61 8 2956.41
0.0154667 1.33333e-05 0 0 0 0 0 0 9406 1689.42 5096.85 8 3871.69
0.01548 1.33333e-05 0 0 0 0 0 0 9424 1690.83 5098.16 8 6670.2
0.0154933 1.33333e-05 0 0 0 0 0 0 9433 1692.76 5097.91 8 4877.38
0.0155067 1.33333e-05 0 0 0 0 0 0 9442 1693.83 5100.26 8 8805.48
0.01552 1.33333e-05 0 0 0 0 0 0 9457 1694.87 5102.72 8 9133.95
0.01554 2e-05 0 0 0 0 0 0 9472 1696.74 5102.68 8 5062.93
0.01556 2e-05 0 0 0 0 0 0 9463 1697.89 5104.79 8 8223.34
0.01558 2e-05 0 0 0 0 0 0 9451 1700.63 5102.15 8 3457.23
0.0156 2e-05 0 0 0 0 0 0 9463 1701.81 5104.14 8 7965.05
0.01562 2e-05 0 0 0 0 0 0 9481 1704.06 5102.98 8 4222.62
0.01564 2e-05 0 0 0 0 0 0 9478 1705.63 5103.84 8 6028.36
0.01568 4e-05 0 0 0 0 0 0 9478 1708.44 5100.99 8 3372.75
0.0156933 1.33333e-05 0 0 0 0 0 0 9478 1711.6 5097.12 8 3002.64
0.0157067 1.33333e-05 0 0 0 0 0 0 9475 1712.96 5098.59 8 6941.59
0.01572 1.33333e-05 0 0 0 0 0 0 9451 1714.09 5100.76 8 8399.87
0.0157333 1.33333e-05 0 0 0 0 0 0 9418 1716.04 5100.44 8 4827.16
0.01576 1.33333e-05 0 0 0 0 0 0 9403 1718.83 5103.09 8 5131.1
0.01578 2e-05 0 0 0 0 0 0 9379 1721.31 5101.2 8 3786.24
0.0158 2e-05 0 0 0 0 0 0 9364 1722.89 5101.97 8 5939.83
0.01582 2e-05 0 0 0 0 0 0 9352 1725 5101.15 8 4434.84
0.01584 2e-05 0 0 0 0 0 0 9352 1726.33 5102.63 8 7017.13
0.01586 2e-05 0 0 0 0 0 0 9352 1728.18 5102.56 8 5037.92
0.01588 2e-05 0 0 0 0 0 0 9349 1729.24 5104.86 8 8893.15
0.01592 4e-05 0 0 0 0 0 0 9373 1731.32 5104.13 8 4493.81
0.01594 2e-05 0 0 0 0 0 0 9367 1733.31 5103.67 8 4705.61
0.01596 2e-05 0 0 0 0 0 0 9361 1734.38 5105.92 8 8737.82
0.01598 2e-05 0 0 0 0 0 0 9367 1737.18 5103.09 8 3349.41
0.016 2e-05 0 0 0 0 0 0 9358 1738.75 5103.88 8 5978.7
0.01602 2e-05 0 0 0 0 0 0 9352 1741.64 5100.76 8 3230.41
0.01604 2e-05 0 0 0 0 0 0 9361 1743.2 5101.56 8 5992.33
0.01608 4e-05 0 0 0 0 0 0 9352 1745.52 5100.16 8 4043.18
0.0161 2e-05 0 0 0 0 0 0 9349 1747.63 5099.33 8 4418.05
0.01612 2e-05 0 0 0 0 0 0 9376 1748.72 5101.52 8 8612.15
0.01614 2e-05 0 0 0 0 0 0 9370 1750.56 5101.51 8 5088.82
0.01618 2e-05 0 0 0 0 0 0 9367 1753.35 5104.08 8 5218.68
0.0162 2e-05 0 0 0 0 0 0 9373 1755.17 5104.13 8 5151.4
0.01624 4e-05 0 0 0 0 0 0 9385 1758.42 5100.04 8 2889.19
0.01626 2e-05 0 0 0 0 0 0 9391 1760.9 5098.2 8 3790.06
0.01628 2e-05 0 0 0 0 0 0 9370 1762.19 5099.77 8 7242.82
0.0163 2e-05 0 0 0 0 0 0 9346 1764.15 5099.39 8 4760.09
0.01632 2e-05 0 0 0 0 0 0 9340 1765.2 5101.65 8 8883.02
0.01634 2e-05 0 0 0 0 0 0 9331 1767.01 5101.7 8 5158.72
0.0164 4e-05 0 0 0 0 0 0 9322 1770.03 5103.54 8 4610.41
0.01642 2e-05 0 0 0 0 0 0 9322 1771.99 5103.17 8 4762.77
0.01644 2e-05 0 0 0 0 0 0 9322 1774.41 5101.47 8 3857.53
0.01646 2e-05 0 0 0 0 0 0 9298 1776.87 5099.61 8 3764.6
0.01648 2e-05 0 0 0 0 0 0 9295 1778.39 5100.49 8 6129.29
0.0165 2e-05 0 0 0 0 0 0 9295 1780.45 5099.81 8 4508.27
0.01652 2e-05 0 0 0 0 0 0 9295 1781.71 5101.44 8 7419.87
0.01656 4e-05 0 0 0 0 0 0 9283 1784.92 5097.46 8 2890.04
0.01658 2e-05 0 0 0 0 0 0 9280 1788.19 5093.33 8 2838.66
0.0166 2e-05 0 0 0 0 0 0 9286 1789.6 5094.49 8 6561.91
0.01662 2e-05 0 0 0 0 0 0 9274 1793.07 5089.8 8 2672.6
0.01664 2e-05 0 0 0 0 0 0 9277 1794.48 5090.99 8 6607.23
0.01666 2e-05 0 0 0 0 0 0 9271 1796.8 5089.57 8 3993.07
0.01668 2e-05 0 0 0 0 0 0 9271 1798.67 5089.44 8 4962.27
0.01672 4e-05 0 0 0 0 0 0 9238 1802.81 5082.88 8 2231.65
0.01674 2e-05 0 0 0 0 0 0 9235 1805.18 5081.3 8 3887.38
0.01676 2e-05 0 0 0 0 0 0 9259 1806.5 5082.73 8 7037.91
0.01678 2e-05 0 0 0 0 0 0 9256 1808.38 5082.55 8 4906.92
0.01682 2e-05 0 0 0 0 0 0 9235 1811.12 5085.07 8 5273.05
0.01688 4e-05 0 0 0 0 0 0 9190 1813.97 5087.23 8 4729.42
0.0169 2e-05 0 0 0 0 0 0 9181 1817.33 5082.87 8 2731.02
0.01692 2e-05 0 0 0 0 0 0 9157 1819.6 5081.57 8 4039.86
0.01694 2e-05 0 0 0 0 0 0 9178 1822.47 5078.59 8 3192.46
0.01696 2e-05 0 0 0 0 0 0 9178 1825.03 5076.49 8 3585.76
0.01698 2e-05 0 0 0 0 0 0 9154 1827.21 5075.45 8 4203.39
0.017 2e-05 0 0 0 0 0 0 9151 1828.22 5077.67 8 9101.79
0.01704 4e-05 0 0 0 0 0 0 9139 1830.67 5075.86 8 3729.78
0.01706 2e-05 0 0 0 0 0 0 9139 1832.52 5075.73 8 4938.45
0.01708 2e-05 0 0 0 0 0 0 9127 1833.63 5077.61 8 8181.42
0.0171 2e-05 0 0 0 0 0 0 9115 1836.37 5075.01 8 3328.29
0.01712 2e-05 0 0 0 0 0 0 9109 1837.89 5075.78 8 6009.63
0.01714 2e-05 0 0 0 0 0 0 9103 1840.24 5074.23 8 3864.62
0.01716 2e-05 0 0 0 0 0 0 9106 1841.9 5074.62 8 5514.59
0.0172 4e-05 0 0 0 0 0 0 9097 1845.23 5070.37 8 2724.82
0.01722 2e-05 0 0 0 0 0 0 9097 1848.52 5066.26 8 2764.22
0.01724 2e-05 0 0 0 0 0 0 9088 1850.01 5067.12 8 6134.36
0.01726 2e-05 0 0 0 0 0 0 9076 1852 5066.58 8 4562.6
0.01728 2e-05 0 0 0 0 0 0 9067 1853.08 5068.51 8 8365.46
0.0173 2e-05 0 0 0 0 0 0 9073 1854.92 5068.37 8 4933.06
0.01732 2e-05 0 0 0 0 0 0 9070 1855.93 5070.49 8 8950.49
0.01736 4e-05 0 0 0 0 0 0 9049 1858.96 5067.11 8 2991.77
0.01738 2e-05 0 0 0 0 0 0 9046 1862.03 5063.61 8 2946.84
0.0174 2e-05 0 0 0 0 0 0 9046 1864.37 5062.11 8 3866.4
0.01742 2e-05 0 0 0 0 0 0 9031 1866.6 5060.89 8 4044.4
0.01744 2e-05 0 0 0 0 0 0 9022 1867.91 5062.18 8 6899.58
0.01746 2e-05 0 0 0 0 0 0 9019 1870.2 5060.81 8 3940.13
0.01748 2e-05 0 0 0 0 0 0 9001 1871.67 5061.64 8 6114.5
0.01752 4e-05 0 0 0 0 0 0 8989 1874.81 5057.94 8 2856.42
0.01754 2e-05 0 0 0 0 0 0 8983 1878.18 5053.65 8 2668.23
0.01756 2e-05 0 0 0 0 0 0 8974 1879.61 5054.58 8 6272.84
0.01758 2e-05 0 0 0 0 0 0 8968 1882.3 5052.12 8 3335.44
0.0176 2e-05 0 0 0 0 0 0 8959 1884 5052.33 8 5280.68
0.01762 2e-05 0 0 0 0 0 0 8944 1886.31 5050.87 8 3864.97
0.01764 2e-05 0 0 0 0 0 0 8920 1887.88 5051.41 8 5693.56
0.01768 4e-05 0 0 0 0 0 0 8899 1891.04 5047.67 8 2815.61
0.0177 2e-05 0 0 0 0 0 0 8890 1894.17 5044.01 8 2835.39
0.01772 2e-05 0 0 0 0 0 0 8857 1895.66 5044.73 8 5969.3
0.01774 2e-05 0 0 0 0 0 0 8839 1897.87 5043.52 8 4002.2
0.01776 2e-05 0 0 0 0 0 0 8812 1899.02 5045.08 8 7603.54
0.01778 2e-05 0 0 0 0 0 0 8824 1901.38 5043.48 8 3752.34
0.0178 2e-05 0 0 0 0 0 0 8818 1902.98 5043.87 8 5504.14
0.01784 4e-05 0 0 0 0 0 0 8809 1905.96 5040.61 8 2955.66
0.01786 2e-05 0 0 0 0 0 0 8806 1908.36 5038.87 8 3663.64
0.01788 2e-05 0 0 0 0 0 0 8797 1909.95 5039.28 8 5526.26
0.0179 2e-05 0 0 0 0 0 0 8794 1911.77 5039.1 8 4849.92
0.01792 2e-05 0 0 0 0 0 0 8800 1912.78 5041.03 8 8697.37
0.01794 2e-05 0 0 0 0 0 0 8794 1914.53 5041.01 8 5012.63
0.018 4e-05 0 0 0 0 0 0 8797 1917.42 5042.59 8 4439.13
0.01802 2e-05 0 0 0 0 0 0 8791 1920.53 5039.01 8 2827.91
0.01804 2e-05 0 0 0 0 0 0 8788 1922.5 5038.4 8 4447.85
0.01806 2e-05 0 0 0 0 0 0 8776 1925.81 5034.31 8 2655.71
0.01808 2e-05 0 0 0 0 0 0 8761 1927.08 5035.54 8 6896.6
0.0181 2e-05 0 0 0 0 0 0 8746 1929.1 5034.79 8 4320.61
0.01812 2e-05 0 0 0 0 0 0 8749 1930.18 5036.5 8 8096.39
0.01816 4e-05 0 0 0 0 0 0 8716 1932.33 5035.43 8 4068.31
0.01818 2e-05 0 0 0 0 0 0 8713 1934.38 5034.59 8 4245.88
0.0182 2e-05 0 0 0 0 0 0 8716 1935.51 5036.16 8 7729.35
0.01822 2e-05 0 0 0 0 0 0 8683 1937.31 5035.95 8 4807.78
0.01826 2e-05 0 0 0 0 0 0 8680 1940.28 5037.2 8 4163.19
0.01828 2e-05 0 0 0 0 0 0 8680 1941.86 5037.57 8 5485.44
0.01832 4e-05 0 0 0 0 0 0 8686 1944.82 5034.36 8 2932.64
0.01834 2e-05 0 0 0 0 0 0 8689 1947.67 5031.46 8 3049.89
0.01836 2e-05 0 0 0 0 0 0 8677 1949.1 5032.22 8 6077.01
0.01838 2e-05 0 0 0 0 0 0 8674 1951.05 5031.64 8 4446.29
0.0184 2e-05 0 0 0 0 0 0 8680 1952.16 5033.22 8 7817.92
0.01842 2e-05 0 0 0 0 0 0 8677 1953.91 5033.16 8 4963.79
0.01848 4e-05 0 0 0 0 0 0 8662 1956.8 5034.58 8 4383.84
0.0185 2e-05 0 0 0 0 0 0 8659 1959.83 5031.22 8 2857.22
0.01852 2e-05 0 0 0 0 0 0 8644 1962.04 5029.95 8 3909.24
0.01854 2e-05 0 0 0 0 0 0 8632 1964.61 5027.76 8 3356.18
0.01856 2e-05 0 0 0 0 0 0 8641 1965.91 5028.83 8 6643.06
0.01858 2e-05 0 0 0 0 0 0 8635 1968.26 5027.23 8 3685.45
0.0186 2e-05 0 0 0 0 0 0 8632 1970.53 5025.81 8 3797.86
0.01864 4e-05 0 0 0 0 0 0 8605 1973.56 5022.46 8 2841.08
0.01866 2e-05 0 0 0 0 0 0 8599 1975.7 5021.37 8 4016.29
0.01868 2e-05 0 0 0 0 0 0 8596 1976.95 5022.55 8 6896.67
0.0187 2e-05 0 0 0 0 0 0 8620 1978.79 5022.22 8 4663.08
0.01872 2e-05 0 0 0 0 0 0 8611 1980.62 5021.94 8 4726.52
0.01874 2e-05 0 0 0 0 0 0 8608 1983.38 5019.29 8 3118.17
0.01876 2e-05 0 0 0 0 0 0 8596 1984.7 5020.28 8 6495.43
0.0188 4e-05 0 0 0 0 0 0 8584 1986.99 5018.82 8 3751.43
0.01882 2e-05 0 0 0 0 0 0 8584 1989.04 5017.96 8 4183.97
0.01884 2e-05 0 0 0 0 0 0 8593 1990.18 5019.4 8 7545.07
0.01886 2e-05 0 0 0 0 0 0 8572 1991.97 5019.2 8 4793.79
0.0189 2e-05 0 0 0 0 0 0 8572 1994.51 5021.4 8 5169.09
0.01896 4e-05 0 0 0 0 0 0 8566 1998.54 5019.84 8 2641.51
0.01898 2e-05 0 0 0 0 0 0 8566 2001.13 5017.63 8 3308.64
0.019 2e-05 0 0 0 0 0 0 8551 2002.91 5017.44 8 4811.78
0.01902 2e-05 0 0 0 0 0 0 8530 2005.83 5014.39 8 2921.17
0.01904 2e-05 0 0 0 0 0 0 8521 2007.39 5014.73 8 5449.6
0.01906 2e-05 0 0 0 0 0 0 8512 2009.38 5014 8 4276.73
0.01908 2e-05 0 0 0 0 0 0 8509 2010.43 5015.63 8 8155.4
0.01912 4e-05 0 0 0 0 0 0 8503 2012.87 5013.76 8 3477.45
0.01914 2e-05 0 0 0 0 0 0 8497 2015.55 5011.32 8 3174.22
0.01916 2e-05 0 0 0 0 0 0 8497 2016.95 5012.04 8 6051.12
0.01918 2e-05 0 0 0 0 0 0 8497 2019.76 5009.28 8 3023.23
0.0192 2e-05 0 0 0 0 0 0 8491 2021.76 5008.53 8 4250.58
0.01922 2e-05 0 0 0 0 0 0 8491 2024.21 5006.65 8 3460.9
0.01924 2e-05 0 0 0 0 0 0 8491 2026.41 5005.41 8 3860.69
0.01928 4e-05 0 0 0 0 0 0 8491 2029.01 5003.19 8 3275.04
0.0193 2e-05 0 0 0 0 0 0 8491 2031.06 5002.31 8 4133.26
0.01932 2e-05 0 0 0 0 0 0 8494 2032.12 5003.89 8 8022.51
0.01934 2e-05 0 0 0 0 0 0 8497 2033.91 5003.65 8 4732.87
0.01938 2e-05 0 0 0 0 0 0 8491 2036.44 5005.79 8 5082.05
0.0194 2e-05 0 0 0 0 0 0 8482 2037.82 5006.55 8 6118.96
0.01944 4e-05 0 0 0 0 0 0 8485 2041.06 5002.77 8 2621.79
0.01946 2e-05 0 0 0 0 0 0 8488 2043.87 5000.05 8 3021.81
0.01948 2e-05 0 0 0 0 0 0 8479 2045.34 5000.6 8 5771.35
0.0195 2e-05 0 0 0 0 0 0 8476 2047.16 5000.29 8 4653.75
0.01952 2e-05 0 0 0 0 0 0 8473 2048.23 5001.82 8 7931.25
0.01954 2e-05 0 0 0 0 0 0 8476 2049.86 5001.96 8 5175.28
0.0196 4e-05 0 0 0 0 0 0 8452 2052.67 5003.35 8 4212.56
0.01962 2e-05 0 0 0 0 0 0 8452 2054.46 5003.12 8 4737.4
0.01964 2e-05 0 0 0 0 0 0 8443 2056.74 5001.67 8 3698.26
0.01966 2e-05 0 0 0 0 0 0 8422 2059.86 4998.18 8 2697.78
0.01968 2e-05 0 0 0 0 0 0 8416 2061.02 4999.46 8 7284.76
0.0197 2e-05 0 0 0 0 0 0 8401 2062.91 4998.96 8 4446.24
0.01972 2e-05 0 0 0 0 0 0 8395 2063.96 5000.47 8 7954.29
0.01976 4e-05 0 0 0 0 0 0 8383 2065.94 4999.73 8 4231.91
0.01978 2e-05 0 0 0 0 0 0 8380 2067.8 4999.3 8 4520.86
0.0198 2e-05 0 0 0 0 0 0 8368 2068.8 5000.92 8 8323.29
0.01982 2e-05 0 0 0 0 0 0 8371 2070.43 5001.04 8 5156.66
0.01988 4e-05 0 0 0 0 0 0 8356 2074.15 5000.12 8 2857.46
0.0199 2e-05 0 0 0 0 0 0 8356 2077.54 4995.98 8 2464.48
0.01992 2e-05 0 0 0 0 0 0 8356 2079.33 4995.69 8 4662.34
0.01994 2e-05 0 0 0 0 0 0 8359 2081.42 4994.69 8 3999.2
0.01996 2e-05 0 0 0 0 0 0 8365 2082.54 4996.02 8 7467.34
0.02 4e-05 0 0 0 0 0 0 8356 2084.6 4995.1 8 4061.51
